author;username;text;likes;replies;created_at;language;is_pinned;id;reply_to_id;avatar_url;media_id;status;content_type;type;bit_flags;has_liked_comment;has_disliked_comment;is_liked_by_media_owner;is_ranked_comment;is_covered;did_report_as_spam;share_enabled;private_reply_status;comment_index;user_id;user_is_verified;user_is_private;user_pk;user_fbid_v2
Gabo Serfaty;gaaboserfaty;Yo quiero !!!;1;0;2026-09-22T22:23:53.000Z;;FALSO;18100097651198952;;https://instagram.fbkk28-1.fna.fbcdn.net/v/t51.82787-19/670662382_18575028151011329_3321282345347393137_n.jpg?stp=dst-jpg_s150x150_tt6&_nc_cat=102&_nc_map=urlgen_bucketless&ccb=7-5&_nc_sid=f7ccc5&efg=eyJ2ZW5jb2RlX3RhZyI6InByb2ZpbGVfcGljLnd3dy4xMDgwLkMzIn0%3D&_nc_ohc=ugK3uP5hk6QQ7kNvwF1HGxA&_nc_oc=Adrz9JMftZzeGnutjoYsLO7_HpzGN0WF8z_I_Fqc52w87V07_XNktnByAN6TYnuOnM0&_nc_zt=24&_nc_ht=instagram.fbkk28-1.fna&_nc_gid=5mzW_AtM0LFfGYefBKHZLQ&_nc_ss=706a8&oh=00_AQPTvCFu4zif1ewxaIO6AMzaL0DfwLhXVwVUNZSQAo0mvw&oe=6AC4827B;3992097546465233505;Active;comment;0;0;FALSO;FALSO;FALSO;VERDADERO;FALSO;FALSO;VERDADERO;0;0;1512651328;FALSO;FALSO;1512651328;17841400339863635
Naty / Arte / Puntillismo / Neurociencia;ananda.joy.art;Yo quiero!!! Ser esa ganadora 🎉🎉🎉;1;0;2026-09-22T22:29:12.000Z;;FALSO;17907346974558308;;https://instagram.fbkk28-1.fna.fbcdn.net/v/t51.82787-19/753336887_17935883445339556_5555587565687442466_n.jpg?stp=dst-jpg_s150x150_tt6&_nc_cat=103&_nc_map=urlgen_bucketless&ccb=7-5&_nc_sid=f7ccc5&efg=eyJ2ZW5jb2RlX3RhZyI6InByb2ZpbGVfcGljLnd3dy4xMDgwLkMzIn0%3D&_nc_ohc=SSLv5MHWff8Q7kNvwEWEyjj&_nc_oc=AdqZh992yvhl9pyyx_PTAFWewnZ8LWlOOFfJbWu1P2F18Sn1YeQlqm5A6AkK-Dvg1P8&_nc_zt=24&_nc_ht=instagram.fbkk28-1.fna&_nc_gid=5mzW_AtM0LFfGYefBKHZLQ&_nc_ss=706a8&oh=00_AQMCqR6JqnNrPSaJJ8JKx9LQ7ARDULowroPuZ78nkhsVbg&oe=6AC475A6;3992097546465233505;Active;comment;0;0;FALSO;FALSO;FALSO;VERDADERO;FALSO;FALSO;VERDADERO;0;1;70234059555;FALSO;FALSO;70234059555;17841470186669257
Marielys Astudillo;marieasstudillo;Yo quiero 😎;1;0;2026-09-22T22:35:59.000Z;;FALSO;18397945804163791;;https://instagram.fbkk28-1.fna.fbcdn.net/v/t51.82787-19/751915696_18604045063016711_8446923715300838515_n.jpg?stp=dst-jpg_s150x150_tt6&_nc_cat=110&_nc_map=urlgen_bucketless&ccb=7-5&_nc_sid=f7ccc5&efg=eyJ2ZW5jb2RlX3RhZyI6InByb2ZpbGVfcGljLnd3dy4xMDgwLkMzIn0%3D&_nc_ohc=Ac4zVdLA7soQ7kNvwFM-nlU&_nc_oc=AdrcRAZ4rEZyYWc2j6bBtMlbphSE87iFslYZ5l2FGOP4zPpcCvFFzRx3sHPOF6XuBg8&_nc_zt=24&_nc_ht=instagram.fbkk28-1.fna&_nc_gid=5mzW_AtM0LFfGYefBKHZLQ&_nc_ss=706a8&oh=00_AQO9Id0wubNJp59xOFFYuciWOBcBIQ0kr02Tvz2woUdpfg&oe=6AC49EE1;3992097546465233505;Active;comment;0;0;FALSO;FALSO;FALSO;VERDADERO;FALSO;FALSO;VERDADERO;0;2;1204112710;FALSO;FALSO;1204112710;17841400501318814
Vanessa Sojo | Cursos de repostería y pastelería;vanespastry;Yo quiero 😍;1;0;2026-09-22T22:33:17.000Z;;FALSO;18085111976298310;;https://instagram.fbkk28-1.fna.fbcdn.net/v/t51.2885-19/476972469_591035090440968_8825754370322274680_n.jpg?stp=dst-jpg_s150x150_tt6&_nc_cat=102&_nc_map=urlgen_bucketless&ccb=7-5&_nc_sid=f7ccc5&efg=eyJ2ZW5jb2RlX3RhZyI6InByb2ZpbGVfcGljLnd3dy4xMDgwLkMzIn0%3D&_nc_ohc=1J5URa8XmUUQ7kNvwE7drA9&_nc_oc=AdqFho70J72q-FA7rPLvNgvm4MnmbP6hscA4ZV-qmUEwRuBpuhaa-7YdmJyR2b36IA8&_nc_zt=24&_nc_ht=instagram.fbkk28-1.fna&_nc_ss=706a8&oh=00_AQMcNCuW7nJLuyqAnO6184jyc1BYck3tvWKNCaRRQJoFQw&oe=6AC4817F;3992097546465233505;Active;comment;0;0;FALSO;FALSO;FALSO;VERDADERO;FALSO;FALSO;VERDADERO;0;3;45273946328;FALSO;FALSO;45273946328;17841445189859243
Ambar Guedez♡;ambarguedez;Yo quiero @sagefantaisie @johana_vale @enithweffer ❤️;1;0;2026-09-22T22:37:54.000Z;;FALSO;18224649313350208;;https://instagram.fbkk28-1.fna.fbcdn.net/v/t51.82787-19/722753475_18594032824061467_8597356354947161513_n.jpg?stp=dst-jpg_s150x150_tt6&_nc_cat=101&_nc_map=urlgen_bucketless&ccb=7-5&_nc_sid=f7ccc5&efg=eyJ2ZW5jb2RlX3RhZyI6InByb2ZpbGVfcGljLnd3dy4xMDgwLkMzIn0%3D&_nc_ohc=ABXF_LQIgWMQ7kNvwEXQ8u0&_nc_oc=AdpIO9ALM-TrL8qTIRJ702Jp2furSzFuNkf2Q9sT9YmnrMb15odgZQibzA5zFm6If88&_nc_zt=24&_nc_ht=instagram.fbkk28-1.fna&_nc_gid=5mzW_AtM0LFfGYefBKHZLQ&_nc_ss=706a8&oh=00_AQMWLcSeu4vfNa311OIInCW_79bBa5NDlfkFFopyYn74-Q&oe=6AC488E1;3992097546465233505;Active;comment;0;0;FALSO;FALSO;FALSO;VERDADERO;FALSO;FALSO;VERDADERO;0;4;255037466;FALSO;VERDADERO;255037466;17841401843983984
sabrina garcia lison;sabrigarcial;yo quieroooo @nataliasanchezg.3 @goncalvesesteph @vero_colmenares;1;0;2026-09-23T00:00:20.000Z;;FALSO;17980096401065397;;https://instagram.fbkk28-1.fna.fbcdn.net/v/t51.82787-19/672334373_18579592624049681_2803401986601257516_n.jpg?stp=dst-jpg_s150x150_tt6&_nc_cat=100&_nc_map=urlgen_bucketless&ccb=7-5&_nc_sid=f7ccc5&efg=eyJ2ZW5jb2RlX3RhZyI6InByb2ZpbGVfcGljLnd3dy44MjguQzMifQ%3D%3D&_nc_ohc=_23kRTUzeKgQ7kNvwF2OFzf&_nc_oc=AdqEoJAGDZZzlrAPmNkLfRa4G4nT6iIu272hStOkFk5aVir2t05qxXz-GJuDHkZNgS8&_nc_zt=24&_nc_ht=instagram.fbkk28-1.fna&_nc_gid=5mzW_AtM0LFfGYefBKHZLQ&_nc_ss=706a8&oh=00_AQOJOFpuNQdqQbxWpOv4C5KyyValMe03vjV9l7mBJvxEKA&oe=6AC49BA9;3992097546465233505;Active;comment;0;0;FALSO;FALSO;FALSO;VERDADERO;FALSO;FALSO;VERDADERO;0;5;190769680;FALSO;VERDADERO;190769680;17841401490402980
Sesiones de Barras de Access® | Herramientas energéticas;barbarathcastillo;Yo quierooo ❤️ @soyfrancismundo @soy_luisanacarolina;1;0;2026-09-29T17:24:10.000Z;;FALSO;18245150587310563;;https://instagram.fbkk28-1.fna.fbcdn.net/v/t51.82787-19/718674994_17952580284173624_233190893923220684_n.jpg?stp=dst-jpg_s150x150_tt6&_nc_cat=109&_nc_map=urlgen_bucketless&ccb=7-5&_nc_sid=f7ccc5&efg=eyJ2ZW5jb2RlX3RhZyI6InByb2ZpbGVfcGljLnd3dy4xMDgwLkMzIn0%3D&_nc_ohc=xGOgIVHY52cQ7kNvwEY3f4B&_nc_oc=AdqdvTd8JARIW3bTZEj3A7l3nid-d_lBkuBspDoybYJe1D2iQfojfwXsdsDoyY2C2pg&_nc_zt=24&_nc_ht=instagram.fbkk28-1.fna&_nc_gid=5mzW_AtM0LFfGYefBKHZLQ&_nc_ss=706a8&oh=00_AQORViHm1NMQGYtPgIsoPbRJWXnj2QQnZH_Vnv8Ap5IH5w&oe=6AC47198;3992097546465233505;Active;comment;0;0;FALSO;FALSO;FALSO;VERDADERO;FALSO;FALSO;VERDADERO;0;6;65210413623;FALSO;FALSO;65210413623;17841465208711301
Guaybo;guaybo;¿Quién será el ganador de la entrada?? 👀👀👀;1;0;2026-09-22T22:14:41.000Z;;FALSO;18030103406899973;;https://instagram.fbkk28-1.fna.fbcdn.net/v/t51.82787-19/693400057_17933686602250309_9099534391379094057_n.jpg?stp=dst-jpg_s150x150_tt6&_nc_cat=110&_nc_map=urlgen_bucketless&ccb=7-5&_nc_sid=f7ccc5&efg=eyJ2ZW5jb2RlX3RhZyI6InByb2ZpbGVfcGljLnd3dy4xMDgwLkMzIn0%3D&_nc_ohc=WSA47tl39YwQ7kNvwHZzfJt&_nc_oc=Adqc0ZCr2gyJENrmnWGY_arx-N-dPQh-GF3q__Vr2BL7_YeGsZIFxRayFPFjiR14R6o&_nc_zt=24&_nc_ht=instagram.fbkk28-1.fna&_nc_gid=5mzW_AtM0LFfGYefBKHZLQ&_nc_ss=706a8&oh=00_AQO8u65AB8o_5ubOBtr2yvWZdHj4UnjWBFvcvozz48amwg&oe=6AC49FD7;3992097546465233505;Active;comment;0;0;FALSO;FALSO;FALSO;VERDADERO;FALSO;FALSO;VERDADERO;0;7;67449402308;FALSO;FALSO;67449402308;17841467509241175
Arándano repostería;arandanoreposteria;Yo quiero!!!!!! 🌟🌟🌟;1;0;2026-09-23T01:27:38.000Z;;FALSO;18589819093067643;;https://instagram.fbkk28-1.fna.fbcdn.net/v/t51.82787-19/641292386_18567940141053240_6352741027737369932_n.jpg?stp=dst-jpg_s150x150_tt6&_nc_cat=110&_nc_map=urlgen_bucketless&ccb=7-5&_nc_sid=f7ccc5&efg=eyJ2ZW5jb2RlX3RhZyI6InByb2ZpbGVfcGljLnd3dy4xMDgwLkMzIn0%3D&_nc_ohc=995zAInSfkEQ7kNvwFwfRbL&_nc_oc=Adongd76jOxxyN7k9K8dDlU3jcdSrzCVk9E8xuDFiE-l37en4RM07ac6e2wqc-O9IYQ&_nc_zt=24&_nc_ht=instagram.fbkk28-1.fna&_nc_gid=5mzW_AtM0LFfGYefBKHZLQ&_nc_ss=706a8&oh=00_AQMehhTAjcvybXKTOWxeotd1FfBoa3qMpo_Lc7XkHfAgOA&oe=6AC48CC6;3992097546465233505;Active;comment;0;0;FALSO;FALSO;FALSO;VERDADERO;FALSO;FALSO;VERDADERO;0;8;389109239;FALSO;FALSO;389109239;17841401597176079
Ambar Guedez♡;ambarguedez;Yo quiero @sofivic @samu._.jes @sammy_torres01 😍;2;0;2026-09-22T22:38:17.000Z;;FALSO;17935951488124751;;https://instagram.fbkk28-1.fna.fbcdn.net/v/t51.82787-19/722753475_18594032824061467_8597356354947161513_n.jpg?stp=dst-jpg_s150x150_tt6&_nc_cat=101&_nc_map=urlgen_bucketless&ccb=7-5&_nc_sid=f7ccc5&efg=eyJ2ZW5jb2RlX3RhZyI6InByb2ZpbGVfcGljLnd3dy4xMDgwLkMzIn0%3D&_nc_ohc=ABXF_LQIgWMQ7kNvwEXQ8u0&_nc_oc=AdpIO9ALM-TrL8qTIRJ702Jp2furSzFuNkf2Q9sT9YmnrMb15odgZQibzA5zFm6If88&_nc_zt=24&_nc_ht=instagram.fbkk28-1.fna&_nc_gid=5mzW_AtM0LFfGYefBKHZLQ&_nc_ss=706a8&oh=00_AQMWLcSeu4vfNa311OIInCW_79bBa5NDlfkFFopyYn74-Q&oe=6AC488E1;3992097546465233505;Active;comment;0;0;FALSO;FALSO;FALSO;VERDADERO;FALSO;FALSO;VERDADERO;0;9;255037466;FALSO;VERDADERO;255037466;17841401843983984
Sofía;sofilanzirotti;Yo quierooo✨ @entrecejasymas @to.marialejandramt @anamaria_3003;1;0;2026-09-23T12:52:20.000Z;;FALSO;18153134236521878;;https://instagram.fbkk28-1.fna.fbcdn.net/v/t51.82787-19/757454727_18602696566050174_1054427535107803792_n.jpg?stp=dst-jpg_s150x150_tt6&_nc_cat=111&_nc_map=urlgen_bucketless&ccb=7-5&_nc_sid=f7ccc5&efg=eyJ2ZW5jb2RlX3RhZyI6InByb2ZpbGVfcGljLnd3dy43NjguQzMifQ%3D%3D&_nc_ohc=cA3xTkpUszgQ7kNvwEZ1BOc&_nc_oc=Adol1smbs50jMul1K_kJuwVf6W08UNVFE6f5mImFID8TYtLpgszQlI2vlHdom5sQtfY&_nc_zt=24&_nc_ht=instagram.fbkk28-1.fna&_nc_gid=5mzW_AtM0LFfGYefBKHZLQ&_nc_ss=706a8&oh=00_AQN84t7n--_ViM37Mye35Cwf-bkO1ev84iOJ9pKTsCo1DA&oe=6AC4734B;3992097546465233505;Active;comment;0;0;FALSO;FALSO;FALSO;VERDADERO;FALSO;FALSO;VERDADERO;0;10;458674173;FALSO;VERDADERO;458674173;17841401505197166
Ambar Guedez♡;ambarguedez;Yo quiero @jalegp @alexandrafdc_ @ndrsfp 😍;1;0;2026-09-22T22:38:43.000Z;;FALSO;18630613360061149;;https://instagram.fbkk28-1.fna.fbcdn.net/v/t51.82787-19/722753475_18594032824061467_8597356354947161513_n.jpg?stp=dst-jpg_s150x150_tt6&_nc_cat=101&_nc_map=urlgen_bucketless&ccb=7-5&_nc_sid=f7ccc5&efg=eyJ2ZW5jb2RlX3RhZyI6InByb2ZpbGVfcGljLnd3dy4xMDgwLkMzIn0%3D&_nc_ohc=ABXF_LQIgWMQ7kNvwEXQ8u0&_nc_oc=AdpIO9ALM-TrL8qTIRJ702Jp2furSzFuNkf2Q9sT9YmnrMb15odgZQibzA5zFm6If88&_nc_zt=24&_nc_ht=instagram.fbkk28-1.fna&_nc_gid=5mzW_AtM0LFfGYefBKHZLQ&_nc_ss=706a8&oh=00_AQMWLcSeu4vfNa311OIInCW_79bBa5NDlfkFFopyYn74-Q&oe=6AC488E1;3992097546465233505;Active;comment;0;0;FALSO;FALSO;FALSO;VERDADERO;FALSO;FALSO;VERDADERO;0;11;255037466;FALSO;VERDADERO;255037466;17841401843983984
Tania | Inversión;mentesymetasdeexito;Yo quiero;2;0;2026-09-23T00:03:37.000Z;;FALSO;18079244507345001;;https://instagram.fbkk28-1.fna.fbcdn.net/v/t51.82787-19/548851007_18535757683035839_3946346392558646987_n.jpg?stp=dst-jpg_s150x150_tt6&_nc_cat=110&_nc_map=urlgen_bucketless&ccb=7-5&_nc_sid=f7ccc5&efg=eyJ2ZW5jb2RlX3RhZyI6InByb2ZpbGVfcGljLnd3dy4xMDgwLkMzIn0%3D&_nc_ohc=BoU-eaB9RtMQ7kNvwFslnv3&_nc_oc=AdpLEiXgZOA8x_zqQP8Ld1-03PwZH5qLsgEBlOq0Lvl6af4g4TcHgTjz6U-pR9ODVjM&_nc_zt=24&_nc_ht=instagram.fbkk28-1.fna&_nc_gid=5mzW_AtM0LFfGYefBKHZLQ&_nc_ss=706a8&oh=00_AQMDD5qvoFOPFfV1E9lSCdovTWYgf4qj0r-qfyyZUFmviw&oe=6AC495ED;3992097546465233505;Active;comment;0;0;FALSO;FALSO;FALSO;VERDADERO;FALSO;FALSO;VERDADERO;0;12;1477027838;FALSO;FALSO;1477027838;17841401075163078
Kimberlys Blanco;kim_blancoo;Yo quiero;1;0;2026-09-22T23:05:36.000Z;;FALSO;17873451774635881;;https://instagram.fbkk28-1.fna.fbcdn.net/v/t51.82787-19/527399508_18513718099022384_1484253700898370469_n.jpg?stp=dst-jpg_s150x150_tt6&_nc_cat=108&_nc_map=urlgen_bucketless&ccb=7-5&_nc_sid=f7ccc5&efg=eyJ2ZW5jb2RlX3RhZyI6InByb2ZpbGVfcGljLnd3dy4xMDgwLkMzIn0%3D&_nc_ohc=Z2NsKp1gPKkQ7kNvwHHCKxE&_nc_oc=AdpbWKpxGXp2naJ7E2a3DSbwJo-8_XVPjpROxsfWyQ6Fe859Hj4Jg9ALa73PE1qDV3E&_nc_zt=24&_nc_ht=instagram.fbkk28-1.fna&_nc_gid=Mh0FZkaWdMbvLrBh3ehtBA&_nc_ss=706a8&oh=00_AQOSQwFuaYy-gPk0qAg9X2sp_Xmg13rOM6tL8AjBHZdJLQ&oe=6AC4875F;3992097546465233505;Active;comment;0;0;FALSO;FALSO;FALSO;VERDADERO;FALSO;FALSO;VERDADERO;0;15;1506390383;FALSO;FALSO;1506390383;17841400671513537
Leisy Liendo | Fisioterapeuta;leisy_liendo;yo quiero @hysiel_velazco  @gislandletrada @liendojulio;3;0;2026-09-22T22:35:34.000Z;;FALSO;18439339747135350;;https://instagram.fbkk28-1.fna.fbcdn.net/v/t51.82787-19/766580516_18454908229188031_2164500756127116879_n.jpg?stp=dst-jpg_s150x150_tt6&_nc_cat=111&_nc_map=urlgen_bucketless&ccb=7-5&_nc_sid=f7ccc5&efg=eyJ2ZW5jb2RlX3RhZyI6InByb2ZpbGVfcGljLnd3dy4xMDgwLkMzIn0%3D&_nc_ohc=c07pylwx3UEQ7kNvwG9oRQy&_nc_oc=AdqvAfyyH0JyI6_sZZyZJ5M_FV3sQ2_G_6XZZFNYTQpsThRT8niAA-PutHQq_PNTl-w&_nc_zt=24&_nc_ht=instagram.fbkk28-1.fna&_nc_gid=Mh0FZkaWdMbvLrBh3ehtBA&_nc_ss=706a8&oh=00_AQOJFbHIblp_T72U1HqThvd7G2GSInKuT1w1FsjUsn4XFA&oe=6AC4A353;3992097546465233505;Active;comment;0;0;FALSO;FALSO;FALSO;VERDADERO;FALSO;FALSO;VERDADERO;0;16;5744244030;FALSO;FALSO;5744244030;17841405640928030
🍴Qué comer en Acarigua Araure;quecomeracariguaaraure;Yo quiero @jairi360 @josegabrielfoto @josevasquez0301;1;0;2026-09-24T13:50:20.000Z;;FALSO;18115234520517388;;https://instagram.fbkk28-1.fna.fbcdn.net/v/t51.2885-19/441552911_933805995191577_5294432272766575537_n.jpg?stp=dst-jpg_s150x150_tt6&_nc_cat=111&_nc_map=urlgen_bucketless&ccb=7-5&_nc_sid=f7ccc5&efg=eyJ2ZW5jb2RlX3RhZyI6InByb2ZpbGVfcGljLnd3dy4xMDgwLkMzIn0%3D&_nc_ohc=rmhpcjIYZrUQ7kNvwFK1QU0&_nc_oc=Adrsc9ub6HA2GkDrBDu0V2Td6rI1sEb-IraU64cACMaSj8JLf9-Bqc6YnH0mUODUYgI&_nc_zt=24&_nc_ht=instagram.fbkk28-1.fna&_nc_ss=706a8&oh=00_AQN964KQTdnE9c80eh_3sEflaX85gufBoS5fkmJw3tEiFw&oe=6AC48CB8;3992097546465233505;Active;comment;0;0;FALSO;FALSO;FALSO;VERDADERO;FALSO;FALSO;VERDADERO;0;17;39164170868;FALSO;FALSO;39164170868;17841439206045521
Dani | Diseñadora y Motion Designer;dani_diazv;Yo quiero 🔥 @lu_rivera_ @carlosbeta98 @anna.vargas9;1;0;2026-09-25T16:36:22.000Z;;FALSO;18081766034687287;;https://instagram.fbkk28-1.fna.fbcdn.net/v/t51.2885-19/413469697_361218566502396_1690171549150597439_n.jpg?stp=dst-jpg_s150x150_tt6&_nc_cat=109&_nc_map=urlgen_bucketless&ccb=7-5&_nc_sid=f7ccc5&efg=eyJ2ZW5jb2RlX3RhZyI6InByb2ZpbGVfcGljLnd3dy4xMDgwLkMzIn0%3D&_nc_ohc=YPrYE1ZK3cwQ7kNvwFMziAG&_nc_oc=AdraM0pD4dZ5d1DpyuaEtWUja3jGfc6y6VA0q0ZMW-AvQLAPt9B-PGntc-gzHa0Euvg&_nc_zt=24&_nc_ht=instagram.fbkk28-1.fna&_nc_ss=706a8&oh=00_AQNwKzVX9TOhqlpfV2JbL09BIbEJwpa6P-OXWfPMpsjqUg&oe=6AC47BFE;3992097546465233505;Active;comment;0;0;FALSO;FALSO;FALSO;VERDADERO;FALSO;FALSO;VERDADERO;0;18;1337513979;FALSO;FALSO;1337513979;17841401259390898
Rayo’s Origenes;rayosorigenes;Yo Quiero;1;0;2026-09-27T12:59:30.000Z;;FALSO;18016181492944577;;https://instagram.fbkk28-1.fna.fbcdn.net/v/t51.82787-19/639793884_18036461333576929_4752529572040052075_n.jpg?stp=dst-jpg_s150x150_tt6&_nc_cat=102&_nc_map=urlgen_bucketless&ccb=7-5&_nc_sid=f7ccc5&efg=eyJ2ZW5jb2RlX3RhZyI6InByb2ZpbGVfcGljLnd3dy4xMDMyLkMzIn0%3D&_nc_ohc=6EBoS0nMJxcQ7kNvwHzRbX9&_nc_oc=Adpk-MSlcPsMQJJh9vR57SlHr-j8PAVbrUT-O2x1_hRq9nNlr02MqkIq-ifum160oho&_nc_zt=24&_nc_ht=instagram.fbkk28-1.fna&_nc_gid=Mh0FZkaWdMbvLrBh3ehtBA&_nc_ss=706a8&oh=00_AQP6IUvbUrZH2hF766fU7HAS7rVIxwt_Gq4YzQyUw8Q75w&oe=6AC49283;3992097546465233505;Active;comment;0;0;FALSO;FALSO;FALSO;VERDADERO;FALSO;FALSO;VERDADERO;0;19;47397184928;FALSO;FALSO;47397184928;17841447307854648
soyadrianarojass /Branding & Marca para Emprendedores;adrianarojadis;Yo quiero;1;0;2026-09-22T22:56:21.000Z;;FALSO;18220835026341622;;https://instagram.fbkk28-1.fna.fbcdn.net/v/t51.82787-19/700245921_18048762761780549_5289277960981088038_n.jpg?stp=dst-jpg_s150x150_tt6&_nc_cat=102&_nc_map=urlgen_bucketless&ccb=7-5&_nc_sid=f7ccc5&efg=eyJ2ZW5jb2RlX3RhZyI6InByb2ZpbGVfcGljLnd3dy4xMDgwLkMzIn0%3D&_nc_ohc=fAV3cDlU-VAQ7kNvwHhPMNZ&_nc_oc=AdqgOxfWCDvu5fXFD83hATqTiagT_60-Fij0eFkyUROajM4bpjQP0VprA9_AgF4BLuU&_nc_zt=24&_nc_ht=instagram.fbkk28-1.fna&_nc_gid=Mh0FZkaWdMbvLrBh3ehtBA&_nc_ss=706a8&oh=00_AQNI-Kr5nDYhdg_l2ke0bwB69DdiDA4uqNqrnaSzNQETGQ&oe=6AC4A5E1;3992097546465233505;Active;comment;0;0;FALSO;FALSO;FALSO;VERDADERO;FALSO;FALSO;VERDADERO;0;20;53380156548;FALSO;FALSO;53380156548;17841453416452519
Ambar Guedez♡;ambarguedez;Yo quieroo @danielaaledel @tpd.dlaya @dlayaa;1;0;2026-09-22T22:37:34.000Z;;FALSO;18094474145401192;;https://instagram.fbkk28-1.fna.fbcdn.net/v/t51.82787-19/722753475_18594032824061467_8597356354947161513_n.jpg?stp=dst-jpg_s150x150_tt6&_nc_cat=101&_nc_map=urlgen_bucketless&ccb=7-5&_nc_sid=f7ccc5&efg=eyJ2ZW5jb2RlX3RhZyI6InByb2ZpbGVfcGljLnd3dy4xMDgwLkMzIn0%3D&_nc_ohc=ABXF_LQIgWMQ7kNvwEXQ8u0&_nc_oc=AdpIO9ALM-TrL8qTIRJ702Jp2furSzFuNkf2Q9sT9YmnrMb15odgZQibzA5zFm6If88&_nc_zt=24&_nc_ht=instagram.fbkk28-1.fna&_nc_gid=Mh0FZkaWdMbvLrBh3ehtBA&_nc_ss=706a8&oh=00_AQOiq8pZp6epQ5SSJtyDbEs8NUnhnsFp2FyK6cYjzlKC-w&oe=6AC488E1;3992097546465233505;Active;comment;0;0;FALSO;FALSO;FALSO;VERDADERO;FALSO;FALSO;VERDADERO;0;21;255037466;FALSO;VERDADERO;255037466;17841401843983984
Ambar Guedez♡;ambarguedez;Yo quierooo @soyadrianarivass @yoyrismar @vilelagrecia;1;0;2026-09-22T22:36:18.000Z;;FALSO;18022444685873920;;https://instagram.fbkk28-1.fna.fbcdn.net/v/t51.82787-19/722753475_18594032824061467_8597356354947161513_n.jpg?stp=dst-jpg_s150x150_tt6&_nc_cat=101&_nc_map=urlgen_bucketless&ccb=7-5&_nc_sid=f7ccc5&efg=eyJ2ZW5jb2RlX3RhZyI6InByb2ZpbGVfcGljLnd3dy4xMDgwLkMzIn0%3D&_nc_ohc=ABXF_LQIgWMQ7kNvwEXQ8u0&_nc_oc=AdpIO9ALM-TrL8qTIRJ702Jp2furSzFuNkf2Q9sT9YmnrMb15odgZQibzA5zFm6If88&_nc_zt=24&_nc_ht=instagram.fbkk28-1.fna&_nc_gid=Mh0FZkaWdMbvLrBh3ehtBA&_nc_ss=706a8&oh=00_AQOiq8pZp6epQ5SSJtyDbEs8NUnhnsFp2FyK6cYjzlKC-w&oe=6AC488E1;3992097546465233505;Active;comment;0;0;FALSO;FALSO;FALSO;VERDADERO;FALSO;FALSO;VERDADERO;0;22;255037466;FALSO;VERDADERO;255037466;17841401843983984
Joana🔥✨| Biker Aventurera | Creadora de Contenido | UGC;joanamar181;Yo quiero;1;0;2026-09-28T00:09:19.000Z;;FALSO;18463447489191482;;https://instagram.fbkk28-1.fna.fbcdn.net/v/t51.82787-19/796270147_18104788964337537_4895058970852361965_n.jpg?stp=dst-jpg_s150x150_tt6&_nc_cat=106&_nc_map=urlgen_bucketless&ccb=7-5&_nc_sid=f7ccc5&efg=eyJ2ZW5jb2RlX3RhZyI6InByb2ZpbGVfcGljLnd3dy4xMDgwLkMzIn0%3D&_nc_ohc=uHEUcJUxDTAQ7kNvwFsIJu-&_nc_oc=Adq25LjJMvpzAvfMRv4gpi8JSudOwj6Zd7nxUuCHImx-_32Yd8CFfkwuwO9HjmvGPg4&_nc_zt=24&_nc_ht=instagram.fbkk28-1.fna&_nc_gid=Mh0FZkaWdMbvLrBh3ehtBA&_nc_ss=706a8&oh=00_AQMpXj-n_VWkeKhAm6j0hBxf45M3IzqC_UgKfNhFH-hFow&oe=6AC47A62;3992097546465233505;Active;comment;0;0;FALSO;FALSO;FALSO;VERDADERO;FALSO;FALSO;VERDADERO;0;23;40250257536;FALSO;FALSO;40250257536;17841440126101282
Maria José Sánchez;majosanchez.rrhh;Yo quiero;1;0;2026-09-22T22:43:37.000Z;;FALSO;18073866341545037;;https://instagram.fbkk28-1.fna.fbcdn.net/v/t51.82787-19/829602591_18104565983116491_2479106805031940464_n.jpg?stp=dst-jpg_s150x150_tt6&_nc_cat=105&_nc_map=urlgen_bucketless&ccb=7-5&_nc_sid=f7ccc5&efg=eyJ2ZW5jb2RlX3RhZyI6InByb2ZpbGVfcGljLnd3dy4xMDgwLkMzIn0%3D&_nc_ohc=kbQj0wtfaRsQ7kNvwFebyFp&_nc_oc=Adr_sjVncxuuw5BsRREtFZoMlGJruq0U6rTH1UhJmIUz0e65Q57PsKdN-_nzC_XeDXI&_nc_zt=24&_nc_ht=instagram.fbkk28-1.fna&_nc_gid=Mh0FZkaWdMbvLrBh3ehtBA&_nc_ss=706a8&oh=00_AQM76S3GANe5MMvtP2TAlHDHiZaX7LrGkOI9aB_N2OgB2Q&oe=6AC483C0;3992097546465233505;Active;comment;0;0;FALSO;FALSO;FALSO;VERDADERO;FALSO;FALSO;VERDADERO;0;24;33569692490;FALSO;FALSO;33569692490;17841433494726211
Ambar Guedez♡;ambarguedez;Yo quieroo @yoyrismar @barbarathcastillo @regalosublimado;2;1;2026-09-29T17:05:13.000Z;;FALSO;18073168403735752;;https://instagram.fbkk28-1.fna.fbcdn.net/v/t51.82787-19/722753475_18594032824061467_8597356354947161513_n.jpg?stp=dst-jpg_s150x150_tt6&_nc_cat=101&_nc_map=urlgen_bucketless&ccb=7-5&_nc_sid=f7ccc5&efg=eyJ2ZW5jb2RlX3RhZyI6InByb2ZpbGVfcGljLnd3dy4xMDgwLkMzIn0%3D&_nc_ohc=ABXF_LQIgWMQ7kNvwEXQ8u0&_nc_oc=AdpIO9ALM-TrL8qTIRJ702Jp2furSzFuNkf2Q9sT9YmnrMb15odgZQibzA5zFm6If88&_nc_zt=24&_nc_ht=instagram.fbkk28-1.fna&_nc_gid=Mh0FZkaWdMbvLrBh3ehtBA&_nc_ss=706a8&oh=00_AQOiq8pZp6epQ5SSJtyDbEs8NUnhnsFp2FyK6cYjzlKC-w&oe=6AC488E1;3992097546465233505;Active;comment;0;0;FALSO;FALSO;FALSO;VERDADERO;FALSO;FALSO;VERDADERO;0;25;255037466;FALSO;VERDADERO;255037466;17841401843983984
Ambar Guedez♡;ambarguedez;Yo quiero @rixarlamb @ariannyavilad @gguevaradaniel;1;0;2026-09-22T22:36:50.000Z;;FALSO;18178991248445974;;https://instagram.fbkk28-1.fna.fbcdn.net/v/t51.82787-19/722753475_18594032824061467_8597356354947161513_n.jpg?stp=dst-jpg_s150x150_tt6&_nc_cat=101&_nc_map=urlgen_bucketless&ccb=7-5&_nc_sid=f7ccc5&efg=eyJ2ZW5jb2RlX3RhZyI6InByb2ZpbGVfcGljLnd3dy4xMDgwLkMzIn0%3D&_nc_ohc=ABXF_LQIgWMQ7kNvwEXQ8u0&_nc_oc=AdpIO9ALM-TrL8qTIRJ702Jp2furSzFuNkf2Q9sT9YmnrMb15odgZQibzA5zFm6If88&_nc_zt=24&_nc_ht=instagram.fbkk28-1.fna&_nc_gid=Mh0FZkaWdMbvLrBh3ehtBA&_nc_ss=706a8&oh=00_AQOiq8pZp6epQ5SSJtyDbEs8NUnhnsFp2FyK6cYjzlKC-w&oe=6AC488E1;3992097546465233505;Active;comment;0;0;FALSO;FALSO;FALSO;VERDADERO;FALSO;FALSO;VERDADERO;0;26;255037466;FALSO;VERDADERO;255037466;17841401843983984
Estefany Mejias;tefymejias;yo quiero @jeimy_henriquez @mg.bo.nn @lau.britoo;1;0;2026-09-23T03:06:23.000Z;;FALSO;18075611450431564;;https://instagram.fbkk28-1.fna.fbcdn.net/v/t51.82787-19/755264202_18622080088042642_4223782859268827249_n.jpg?stp=dst-jpg_s150x150_tt6&_nc_cat=102&_nc_map=urlgen_bucketless&ccb=7-5&_nc_sid=f7ccc5&efg=eyJ2ZW5jb2RlX3RhZyI6InByb2ZpbGVfcGljLnd3dy4xMDgwLkMzIn0%3D&_nc_ohc=U3xk9r-XGUoQ7kNvwHjkeux&_nc_oc=Adoq_ujpAtroIbgR0kylKJXVoUS7cZHfZu21cqSpxkhR_-gcI8SI6yJ_9AgDj7NuLmI&_nc_zt=24&_nc_ht=instagram.fbkk28-1.fna&_nc_gid=Mh0FZkaWdMbvLrBh3ehtBA&_nc_ss=706a8&oh=00_AQMHVGYq64u1l5N7Ah6QsnZ0Q9Tw7mpPtRilEZNQQyj7Pg&oe=6AC47B0C;3992097546465233505;Active;comment;0;0;FALSO;FALSO;FALSO;VERDADERO;FALSO;FALSO;VERDADERO;0;27;275946641;FALSO;FALSO;275946641;17841401279234311
Javier_RivasRl;javier_rivasrl;Yo quiero;1;0;2026-09-28T01:31:08.000Z;;FALSO;18383839540229906;;https://instagram.fbkk28-1.fna.fbcdn.net/v/t51.2885-19/470940753_1318338439341234_758498833721515980_n.jpg?stp=dst-jpg_s150x150_tt6&_nc_cat=107&_nc_map=urlgen_bucketless&ccb=7-5&_nc_sid=f7ccc5&efg=eyJ2ZW5jb2RlX3RhZyI6InByb2ZpbGVfcGljLnd3dy4xMDgwLkMzIn0%3D&_nc_ohc=YAhKD_DkVYQQ7kNvwHgm_r-&_nc_oc=AdogdWVf4WGGvpmCUiG0DDPoRMA9Qm6ncPK75yVMynf8d4hyLpmBcMqFkjKJxFDM8w8&_nc_zt=24&_nc_ht=instagram.fbkk28-1.fna&_nc_ss=706a8&oh=00_AQPNjGDM1upTqYa1-h3h8XeNwoAPUsjVnmLlJFOOfYB3qA&oe=6AC47601;3992097546465233505;Active;comment;0;0;FALSO;FALSO;FALSO;VERDADERO;FALSO;FALSO;VERDADERO;0;28;51477980515;FALSO;FALSO;51477980515;17841451495464747
Mirian Álvarez  | Editora de video;alvarez.films;Yo quiero;0;0;2026-09-30T15:32:45.000Z;;FALSO;18135361639645995;;https://instagram.fbkk28-1.fna.fbcdn.net/v/t51.82787-19/724251967_17976286890022797_56820629862937227_n.jpg?stp=dst-jpg_s150x150_tt6&_nc_cat=110&_nc_map=urlgen_bucketless&ccb=7-5&_nc_sid=f7ccc5&efg=eyJ2ZW5jb2RlX3RhZyI6InByb2ZpbGVfcGljLnd3dy4xMDgwLkMzIn0%3D&_nc_ohc=xnx3EY9dUPcQ7kNvwEUXyGm&_nc_oc=AdpWeDuCsf3NtQoCi8NKrYt9j6cJsHquxRv6yqVIvTUZI_SB6foDI5MMBkIDcQ5GaHk&_nc_zt=24&_nc_ht=instagram.fbkk28-1.fna&_nc_gid=ReFAPGJXCtWmVlY2qAc9Rg&_nc_ss=706a8&oh=00_AQMboNH2DHTxVKRSAMq_tX6zjOE3Q76BrfKbAJbDd3-3SQ&oe=6AC48197;3992097546465233505;Active;comment;0;0;FALSO;FALSO;FALSO;FALSO;FALSO;FALSO;VERDADERO;0;27;60652286796;FALSO;FALSO;60652286796;17841460683901535
Lic. María Florencia Rodríguez;flor.rodriguez.nutricion;Yo quierooooo, recién arranco y lo perdida que estoy no tiene nombre 🙌;0;0;2026-09-30T14:18:03.000Z;;FALSO;18107057294269746;;https://instagram.fbkk28-1.fna.fbcdn.net/v/t51.82787-19/544886440_18081201803306472_365827052311251045_n.jpg?stp=dst-jpg_s150x150_tt6&_nc_cat=104&_nc_map=urlgen_bucketless&ccb=7-5&_nc_sid=f7ccc5&efg=eyJ2ZW5jb2RlX3RhZyI6InByb2ZpbGVfcGljLnd3dy4xMDgwLkMzIn0%3D&_nc_ohc=Jp7s7oOXl30Q7kNvwHt0qA6&_nc_oc=Adp5nbpMHS3YBqtf5XhciD0O3UIEtQqIBl4kJvlfsJD1X3tGPzrvw43nGt7Xu5KLFYM&_nc_zt=24&_nc_ht=instagram.fbkk28-1.fna&_nc_gid=ReFAPGJXCtWmVlY2qAc9Rg&_nc_ss=706a8&oh=00_AQMAeCTmbqGJ9OCrdNnIaBUMEjq_O_l1tvMNmhhpMJjM8A&oe=6AC48702;3992097546465233505;Active;comment;0;0;FALSO;FALSO;FALSO;FALSO;FALSO;FALSO;VERDADERO;0;28;39142938471;FALSO;FALSO;39142938471;17841439194132867
MAQUILLADORA  EN BARRANQUILLA;makeupkellyrodriguez;Yo quiero;0;0;2026-09-29T23:53:22.000Z;;FALSO;18113014742271527;;https://instagram.fbkk28-1.fna.fbcdn.net/v/t51.82787-19/536082454_18518354971062798_8275454216612467729_n.jpg?stp=dst-jpg_s150x150_tt6&_nc_cat=106&_nc_map=urlgen_bucketless&ccb=7-5&_nc_sid=f7ccc5&efg=eyJ2ZW5jb2RlX3RhZyI6InByb2ZpbGVfcGljLnd3dy4xMDgwLkMzIn0%3D&_nc_ohc=_bYvuysNoeQQ7kNvwG9UZ43&_nc_oc=Adp5pm4jMoZBSUHMlUUtZhMZHWOtpQZ4xnSouiAQQXweh1PJrdv3a3IjXCIqXxtfeQU&_nc_zt=24&_nc_ht=instagram.fbkk28-1.fna&_nc_gid=ReFAPGJXCtWmVlY2qAc9Rg&_nc_ss=706a8&oh=00_AQOmV4gnIHh2GJ-GfY0rBvNsXDtYSX-BC-NQxuwN0NvJTg&oe=6AC49941;3992097546465233505;Active;comment;0;0;FALSO;FALSO;FALSO;FALSO;FALSO;FALSO;VERDADERO;0;29;286526797;FALSO;FALSO;286526797;17841401883914476
Thiago;thhiagovallejos;yo quiero;0;0;2026-09-29T17:28:02.000Z;;FALSO;18122290393713369;;https://instagram.fbkk28-1.fna.fbcdn.net/v/t51.82787-19/649223511_18354417949231149_8562683577581879948_n.jpg?stp=dst-jpg_s150x150_tt6&_nc_cat=101&_nc_map=urlgen_bucketless&ccb=7-5&_nc_sid=f7ccc5&efg=eyJ2ZW5jb2RlX3RhZyI6InByb2ZpbGVfcGljLnd3dy4xMDgwLkMzIn0%3D&_nc_ohc=WSPgSzDfRPwQ7kNvwE0MWi5&_nc_oc=Adq7pZQAMzFUM-RNTWB2UsQa3NQSOW35dltENzhxevhPVr0CzWHoBsbooCZAIf8jiKA&_nc_zt=24&_nc_ht=instagram.fbkk28-1.fna&_nc_gid=ReFAPGJXCtWmVlY2qAc9Rg&_nc_ss=706a8&oh=00_AQOQ3EJMAYPXTnJsE1lnoQlyJJL81s-aljMDiji6oHJoTg&oe=6AC47AEE;3992097546465233505;Active;comment;0;0;FALSO;FALSO;FALSO;FALSO;FALSO;FALSO;VERDADERO;0;30;6934295148;FALSO;FALSO;6934295148;17841406934466786
Sesiones de Barras de Access® | Herramientas energéticas;barbarathcastillo;Amooooo❤️ yo quiero!!!!;0;0;2026-09-29T17:23:53.000Z;;FALSO;18104842208338338;;https://instagram.fbkk28-1.fna.fbcdn.net/v/t51.82787-19/718674994_17952580284173624_233190893923220684_n.jpg?stp=dst-jpg_s150x150_tt6&_nc_cat=109&_nc_map=urlgen_bucketless&ccb=7-5&_nc_sid=f7ccc5&efg=eyJ2ZW5jb2RlX3RhZyI6InByb2ZpbGVfcGljLnd3dy4xMDgwLkMzIn0%3D&_nc_ohc=xGOgIVHY52cQ7kNvwEY3f4B&_nc_oc=AdqdvTd8JARIW3bTZEj3A7l3nid-d_lBkuBspDoybYJe1D2iQfojfwXsdsDoyY2C2pg&_nc_zt=24&_nc_ht=instagram.fbkk28-1.fna&_nc_gid=ReFAPGJXCtWmVlY2qAc9Rg&_nc_ss=706a8&oh=00_AQO4d09O9RWJYsvL-me2DKp7g5v2RbUU-iXSS1OjWKbPFA&oe=6AC47198;3992097546465233505;Active;comment;0;0;FALSO;FALSO;FALSO;FALSO;FALSO;FALSO;VERDADERO;0;31;65210413623;FALSO;FALSO;65210413623;17841465208711301
Sebastian valeggiani;sebastianvaleggiani;Yo quiero;0;0;2026-09-29T11:08:17.000Z;;FALSO;18228687088322824;;https://instagram.fbkk28-1.fna.fbcdn.net/v/t51.82787-19/710909694_18561428413065973_2025843565062887939_n.jpg?stp=dst-jpg_s150x150_tt6&_nc_cat=106&_nc_map=urlgen_bucketless&ccb=7-5&_nc_sid=f7ccc5&efg=eyJ2ZW5jb2RlX3RhZyI6InByb2ZpbGVfcGljLnd3dy4xMDgwLkMzIn0%3D&_nc_ohc=AED1d2lvyeIQ7kNvwF3gAtZ&_nc_oc=AdpoXELftjKxKVryvHr3u7Ps8D-9TMFhur2--bsJFXj-2YMm-juLhoCTvwrSuaXUhLM&_nc_zt=24&_nc_ht=instagram.fbkk28-1.fna&_nc_gid=ReFAPGJXCtWmVlY2qAc9Rg&_nc_ss=706a8&oh=00_AQO0mHD02W0rAyKGpeS1ywfke7txHfDJVMCDWfnkN8Ltrw&oe=6AC497A1;3992097546465233505;Active;comment;0;0;FALSO;FALSO;FALSO;FALSO;FALSO;FALSO;VERDADERO;0;32;2075401972;VERDADERO;FALSO;2075401972;17841401979179425
Yamila Flores;___yamiflores;Yo quiero;0;0;2026-09-29T05:46:44.000Z;;FALSO;18354733012169793;;https://instagram.fbkk28-1.fna.fbcdn.net/v/t51.82787-19/759622986_18615107533041403_2703498967286345294_n.jpg?stp=dst-jpg_s150x150_tt6&_nc_cat=103&_nc_map=urlgen_bucketless&ccb=7-5&_nc_sid=f7ccc5&efg=eyJ2ZW5jb2RlX3RhZyI6InByb2ZpbGVfcGljLnd3dy4xMDgwLkMzIn0%3D&_nc_ohc=5jQF8OEbgawQ7kNvwFAlO4R&_nc_oc=AdpMrSE8G3rnWVTarZQ7GnFpktJmHzOME2kPhYQgjD46t3w61SXZ2_i2DodFp90kMI8&_nc_zt=24&_nc_ht=instagram.fbkk28-1.fna&_nc_gid=ReFAPGJXCtWmVlY2qAc9Rg&_nc_ss=706a8&oh=00_AQPYOb3UTKdnDcV3un_LivedkrxKWMLIeGONNCc9S0Q9kw&oe=6AC4A2C7;3992097546465233505;Active;comment;0;0;FALSO;FALSO;FALSO;FALSO;FALSO;FALSO;VERDADERO;0;33;292777402;FALSO;VERDADERO;292777402;17841401242064574
Omaira Espinoza;omaira.ez;Yo quiero @soybarbaraduque @danielita.beauty @stephanybeauty27;0;0;2026-09-29T03:00:27.000Z;;FALSO;18014883857752817;;https://instagram.fbkk28-1.fna.fbcdn.net/v/t51.82787-19/669359763_18572948986016679_1558960399307845032_n.jpg?stp=dst-jpg_s150x150_tt6&_nc_cat=111&_nc_map=urlgen_bucketless&ccb=7-5&_nc_sid=f7ccc5&efg=eyJ2ZW5jb2RlX3RhZyI6InByb2ZpbGVfcGljLnd3dy4xMDgwLkMzIn0%3D&_nc_ohc=JL7V9HyMWhAQ7kNvwF1N0Bk&_nc_oc=AdokpNPxoDd4Et0Nl7O0MR21zxj_mZz6B8AA4yHJFugyDgbSseh6Ks2ZaLaM9fwdE6o&_nc_zt=24&_nc_ht=instagram.fbkk28-1.fna&_nc_gid=ReFAPGJXCtWmVlY2qAc9Rg&_nc_ss=706a8&oh=00_AQPd1JhiVIb22v-k1J2AFkcreMSK5re1mtMdIqrKXwNl8A&oe=6AC492D1;3992097546465233505;Active;comment;0;0;FALSO;FALSO;FALSO;FALSO;FALSO;FALSO;VERDADERO;0;34;482256678;FALSO;FALSO;482256678;17841400500347535
Jeezz Villalobos;isjeezz;Yo quiero, un monton ☆❤️❤️❤️;0;0;2026-09-28T18:25:40.000Z;;FALSO;17950296990291051;;https://instagram.fbkk28-1.fna.fbcdn.net/v/t51.2885-19/347415525_638165024414426_163380325429641574_n.jpg?stp=dst-jpg_s150x150_tt6&_nc_cat=106&_nc_map=urlgen_bucketless&ccb=7-5&_nc_sid=f7ccc5&efg=eyJ2ZW5jb2RlX3RhZyI6InByb2ZpbGVfcGljLnd3dy4xMDgwLkMzIn0%3D&_nc_ohc=xJLuNcn94pYQ7kNvwHOdkck&_nc_oc=AdqRlk13YNw0cH3Tc9202KWgOCXYGbWsZcuJrMHb2lSs6mZkP7Rp0nBY9ncVfE9snSw&_nc_zt=24&_nc_ht=instagram.fbkk28-1.fna&_nc_ss=706a8&oh=00_AQMrGYLU2NH4MhL2nbct0dYG0jMdANSuVI2lthSBZa1eqg&oe=6AC485B8;3992097546465233505;Active;comment;0;0;FALSO;FALSO;FALSO;FALSO;FALSO;FALSO;VERDADERO;0;35;1918143792;FALSO;FALSO;1918143792;17841401913789970
Lourdes Viera  | Bienes Raíces;lourdesv_confianzagroup;Yo quierooooooo;0;0;2026-09-28T02:18:24.000Z;;FALSO;17908910460536705;;https://instagram.fbkk28-1.fna.fbcdn.net/v/t51.82787-19/657849314_18541916188068081_5992433057411024563_n.jpg?stp=dst-jpg_s150x150_tt6&_nc_cat=108&_nc_map=urlgen_bucketless&ccb=7-5&_nc_sid=f7ccc5&efg=eyJ2ZW5jb2RlX3RhZyI6InByb2ZpbGVfcGljLnd3dy4xMDgwLkMzIn0%3D&_nc_ohc=AY148TdQpPsQ7kNvwFmWgJ0&_nc_oc=Adq44vIwqkeBc6UMA724_HcbePZqmCfUDGH5tXkHjd9-WxDik9fYM5tgSTxAbtwQY5I&_nc_zt=24&_nc_ht=instagram.fbkk28-1.fna&_nc_gid=ReFAPGJXCtWmVlY2qAc9Rg&_nc_ss=706a8&oh=00_AQPK5_BAXEKdqUe8O9JWxr1Eith0H-S3kX_ekdGsLfuByg&oe=6AC492D2;3992097546465233505;Active;comment;0;0;FALSO;FALSO;FALSO;FALSO;FALSO;FALSO;VERDADERO;0;36;1980884080;FALSO;FALSO;1980884080;17841402042407610
Ambar Guedez♡;ambarguedez;Yo quieroo @danielaaledel @regalosublimado @tropicalgv;0;0;2026-09-26T23:08:02.000Z;;FALSO;18026179361857746;;https://instagram.fbkk28-1.fna.fbcdn.net/v/t51.82787-19/722753475_18594032824061467_8597356354947161513_n.jpg?stp=dst-jpg_s150x150_tt6&_nc_cat=101&_nc_map=urlgen_bucketless&ccb=7-5&_nc_sid=f7ccc5&efg=eyJ2ZW5jb2RlX3RhZyI6InByb2ZpbGVfcGljLnd3dy4xMDgwLkMzIn0%3D&_nc_ohc=ABXF_LQIgWMQ7kNvwEXQ8u0&_nc_oc=AdpIO9ALM-TrL8qTIRJ702Jp2furSzFuNkf2Q9sT9YmnrMb15odgZQibzA5zFm6If88&_nc_zt=24&_nc_ht=instagram.fbkk28-1.fna&_nc_gid=ReFAPGJXCtWmVlY2qAc9Rg&_nc_ss=706a8&oh=00_AQNgAFRSA3UhsR8gCXqFflv3XERAt7EDWV-ydmuLrvgIEw&oe=6AC488E1;3992097546465233505;Active;comment;0;0;FALSO;FALSO;FALSO;FALSO;FALSO;FALSO;VERDADERO;0;37;255037466;FALSO;VERDADERO;255037466;17841401843983984
Ambar Guedez♡;ambarguedez;'@jalegp @alexandrafdc_ @alondrasag yo quieroo;0;0;2026-09-26T11:12:22.000Z;;FALSO;18622673401027476;;https://instagram.fbkk28-1.fna.fbcdn.net/v/t51.82787-19/722753475_18594032824061467_8597356354947161513_n.jpg?stp=dst-jpg_s150x150_tt6&_nc_cat=101&_nc_map=urlgen_bucketless&ccb=7-5&_nc_sid=f7ccc5&efg=eyJ2ZW5jb2RlX3RhZyI6InByb2ZpbGVfcGljLnd3dy4xMDgwLkMzIn0%3D&_nc_ohc=ABXF_LQIgWMQ7kNvwEXQ8u0&_nc_oc=AdpIO9ALM-TrL8qTIRJ702Jp2furSzFuNkf2Q9sT9YmnrMb15odgZQibzA5zFm6If88&_nc_zt=24&_nc_ht=instagram.fbkk28-1.fna&_nc_gid=ReFAPGJXCtWmVlY2qAc9Rg&_nc_ss=706a8&oh=00_AQNgAFRSA3UhsR8gCXqFflv3XERAt7EDWV-ydmuLrvgIEw&oe=6AC488E1;3992097546465233505;Active;comment;0;0;FALSO;FALSO;FALSO;FALSO;FALSO;FALSO;VERDADERO;0;38;255037466;FALSO;VERDADERO;255037466;17841401843983984
Ambar Guedez♡;ambarguedez;'@johana_vale @yosoysam_1 @dra.katherozic  yo quieroooo;0;0;2026-09-26T11:12:02.000Z;;FALSO;18076857725395346;;https://instagram.fbkk28-1.fna.fbcdn.net/v/t51.82787-19/722753475_18594032824061467_8597356354947161513_n.jpg?stp=dst-jpg_s150x150_tt6&_nc_cat=101&_nc_map=urlgen_bucketless&ccb=7-5&_nc_sid=f7ccc5&efg=eyJ2ZW5jb2RlX3RhZyI6InByb2ZpbGVfcGljLnd3dy4xMDgwLkMzIn0%3D&_nc_ohc=ABXF_LQIgWMQ7kNvwEXQ8u0&_nc_oc=AdpIO9ALM-TrL8qTIRJ702Jp2furSzFuNkf2Q9sT9YmnrMb15odgZQibzA5zFm6If88&_nc_zt=24&_nc_ht=instagram.fbkk28-1.fna&_nc_gid=ReFAPGJXCtWmVlY2qAc9Rg&_nc_ss=706a8&oh=00_AQNgAFRSA3UhsR8gCXqFflv3XERAt7EDWV-ydmuLrvgIEw&oe=6AC488E1;3992097546465233505;Active;comment;0;0;FALSO;FALSO;FALSO;FALSO;FALSO;FALSO;VERDADERO;0;39;255037466;FALSO;VERDADERO;255037466;17841401843983984
Fátima | CM & Creadora de Contenido;fati.digitall;Yo quiero ❤️;0;0;2026-09-25T04:30:33.000Z;;FALSO;17991598965046707;;https://instagram.fbkk28-1.fna.fbcdn.net/v/t51.82787-19/686500253_18105242620768311_4175128600040998511_n.jpg?stp=dst-jpg_s150x150_tt6&_nc_cat=109&_nc_map=urlgen_bucketless&ccb=7-5&_nc_sid=f7ccc5&efg=eyJ2ZW5jb2RlX3RhZyI6InByb2ZpbGVfcGljLnd3dy4xMDgwLkMzIn0%3D&_nc_ohc=myFFj4TvUikQ7kNvwHxIyQX&_nc_oc=AdrhSl4TBWceKWVLiIJXCuBinyu0oXVuGmKqRKIQwfJ773dsIx-eFvkmxTE7sFv8v24&_nc_zt=24&_nc_ht=instagram.fbkk28-1.fna&_nc_gid=ReFAPGJXCtWmVlY2qAc9Rg&_nc_ss=706a8&oh=00_AQOyVQyFy-ORlnYNhRWXbZj9HyQrLX1awo7S562MjvJyJg&oe=6AC49723;3992097546465233505;Active;comment;0;0;FALSO;FALSO;FALSO;FALSO;FALSO;FALSO;VERDADERO;0;40;23157248310;FALSO;FALSO;23157248310;17841423049314656
Katherine Ruiz | Cirujana General y Laparoscopica;drakatherineruiz;Yo quiero;0;0;2026-09-25T03:46:46.000Z;;FALSO;18090115997203186;;https://instagram.fbkk28-1.fna.fbcdn.net/v/t51.2885-19/482478446_1287701025864483_7453401823697791616_n.jpg?stp=dst-jpg_s150x150_tt6&_nc_cat=111&_nc_map=urlgen_bucketless&ccb=7-5&_nc_sid=f7ccc5&efg=eyJ2ZW5jb2RlX3RhZyI6InByb2ZpbGVfcGljLnd3dy4xMDgwLkMzIn0%3D&_nc_ohc=NZbMkDPlzREQ7kNvwEOJ0Zs&_nc_oc=AdrUoaSi0aNuRLHeIQ0t7fIw095ewFcdSAtpBFqWISGjeacUsW0_Q2xNLQWdmcKCDAk&_nc_zt=24&_nc_ht=instagram.fbkk28-1.fna&_nc_ss=706a8&oh=00_AQP8Pyv-Jf3L2AWlJtKHbo-uRrvaNawTzQlVM6PXh_FDSg&oe=6AC4748C;3992097546465233505;Active;comment;0;0;FALSO;FALSO;FALSO;FALSO;FALSO;FALSO;VERDADERO;0;41;1096102010;FALSO;FALSO;1096102010;17841401140317126
Yubbrazzkka | Turismo | Marketing & Creadora UGC;yubbbrazzkka;Yo quiero;0;0;2026-09-25T02:52:11.000Z;;FALSO;18185537977416668;;https://instagram.fbkk28-1.fna.fbcdn.net/v/t51.2885-19/419500049_1536852250396164_1323098812837235561_n.jpg?stp=dst-jpg_s150x150_tt6&_nc_cat=108&_nc_map=urlgen_bucketless&ccb=7-5&_nc_sid=f7ccc5&efg=eyJ2ZW5jb2RlX3RhZyI6InByb2ZpbGVfcGljLnd3dy41OTAuQzMifQ%3D%3D&_nc_ohc=pGKkdRnoLcYQ7kNvwH1fxfM&_nc_oc=AdoQOb5jdzLyH7VzccPm68jtGG5AyqxAAc5Kf3tzV_Pi9eawj1DdF6rDv8dzE7DzXkI&_nc_zt=24&_nc_ht=instagram.fbkk28-1.fna&_nc_ss=705a0&oh=00_AQOigd25ZWq76rsDk2WQvmFgaXYsoCw7dl23LX6Op4WLrw&oe=6AC4A190;3992097546465233505;Active;comment;0;0;FALSO;FALSO;FALSO;FALSO;FALSO;FALSO;VERDADERO;0;15;8547747238;FALSO;FALSO;8547747238;17841408497158468
Leonel Lanz | Oratoria y Producción Audiovisual 🚀;soyleonellanz;Yo quiero;0;0;2026-09-23T22:45:38.000Z;;FALSO;18079287245364526;;https://instagram.fbkk28-1.fna.fbcdn.net/v/t51.82787-19/758280501_18609922963005374_1352248625716954361_n.jpg?stp=dst-jpg_s150x150_tt6&_nc_cat=104&_nc_map=urlgen_bucketless&ccb=7-5&_nc_sid=f7ccc5&efg=eyJ2ZW5jb2RlX3RhZyI6InByb2ZpbGVfcGljLnd3dy4xMDgwLkMzIn0%3D&_nc_ohc=kgGc2JUI3cAQ7kNvwE8nmBd&_nc_oc=Ado5LcznPC17VKUeewiMJuz3zlGyU0kias-8Ms6HmIiJZ_YtiQ9Hr0qvj3DDgHgcToc&_nc_zt=24&_nc_ht=instagram.fbkk28-1.fna&_nc_gid=oyEnmw_FFMSUMyRbMHu3kQ&_nc_ss=705a0&oh=00_AQMizsWk1uUN3euMO0ei1J-azRZvmPVJjuwxqtizwAfMIA&oe=6AC4A330;3992097546465233505;Active;comment;0;0;FALSO;FALSO;FALSO;FALSO;FALSO;FALSO;VERDADERO;0;16;522949373;FALSO;FALSO;522949373;17841400161198171
María Rengifo;rengifo689;Yo quiero;0;0;2026-09-23T22:10:20.000Z;;FALSO;17864315964674226;;https://instagram.fbkk28-1.fna.fbcdn.net/v/t51.2885-19/469658697_1757082475113976_3275016612900219520_n.jpg?stp=dst-jpg_s150x150_tt6&_nc_cat=106&_nc_map=urlgen_bucketless&ccb=7-5&_nc_sid=f7ccc5&efg=eyJ2ZW5jb2RlX3RhZyI6InByb2ZpbGVfcGljLnd3dy43NTAuQzMifQ%3D%3D&_nc_ohc=_EGTnY0VfqQQ7kNvwGgfsq1&_nc_oc=Adq-V3bHIlIS0vudpAEo_5pObEi9SQrcywG5wqvYyvpKIoGoGQYZWHKBqSFbo-4hqpE&_nc_zt=24&_nc_ht=instagram.fbkk28-1.fna&_nc_ss=705a0&oh=00_AQNGYZug7EVFRxnwb8F3VnjC7uKgIN92Vh_MGwznxYuAHQ&oe=6AC4A28A;3992097546465233505;Active;comment;0;0;FALSO;FALSO;FALSO;FALSO;FALSO;FALSO;VERDADERO;0;17;10702724481;FALSO;FALSO;10702724481;17841410694447840
Freddy Adalberto 🔒;freddysalazr;Yo quiero;0;0;2026-09-23T21:47:59.000Z;;FALSO;18633767608021324;;https://instagram.fbkk28-1.fna.fbcdn.net/v/t51.82787-19/703031953_18594606952020681_8064936243158418278_n.jpg?stp=dst-jpg_s150x150_tt6&_nc_cat=110&_nc_map=urlgen_bucketless&ccb=7-5&_nc_sid=f7ccc5&efg=eyJ2ZW5jb2RlX3RhZyI6InByb2ZpbGVfcGljLnd3dy4xMDgwLkMzIn0%3D&_nc_ohc=UjAIFRoLM6MQ7kNvwHKtBeg&_nc_oc=AdpygxTgHPGbPCRycir-c7unRoJxwB-h4l0SvtlhxksbW0Wtdh4CUIQbCCOLgQ3EhQ0&_nc_zt=24&_nc_ht=instagram.fbkk28-1.fna&_nc_gid=oyEnmw_FFMSUMyRbMHu3kQ&_nc_ss=705a0&oh=00_AQP-TdVvY5XhnXGFgcACpXbISZU2WatyAlafLne9bYRP-w&oe=6AC47A57;3992097546465233505;Active;comment;0;0;FALSO;FALSO;FALSO;FALSO;FALSO;FALSO;VERDADERO;0;18;269268680;FALSO;FALSO;269268680;17841400620404207
Stella García;stellgarci;😍😍😍😍 yo yo;0;0;2026-09-23T20:41:36.000Z;;FALSO;17947934091291070;;https://instagram.fbkk28-1.fna.fbcdn.net/v/t51.82787-19/777328426_18572434711068779_9201459485166755461_n.jpg?stp=dst-jpg_s150x150_tt6&_nc_cat=111&_nc_map=urlgen_bucketless&ccb=7-5&_nc_sid=f7ccc5&efg=eyJ2ZW5jb2RlX3RhZyI6InByb2ZpbGVfcGljLnd3dy4ODU2LkMzIn0%3D&_nc_ohc=xe9jMrHnTt0Q7kNvwFO8EzZ&_nc_oc=AdoXQ3Q1DrXEUgXXDXJW1TFGaIhx6U-t-424u67m_huD-2S3qXtSO216JvV8HjMXeeE&_nc_zt=24&_nc_ht=instagram.fbkk28-1.fna&_nc_gid=oyEnmw_FFMSUMyRbMHu3kQ&_nc_ss=705a0&oh=00_AQMPmrxbSLfLHwZU3nWIFiu41gu-qR0TYdBimFeBQ6aWhw&oe=6AC48E0C;3992097546465233505;Active;comment;0;0;FALSO;FALSO;FALSO;FALSO;FALSO;FALSO;VERDADERO;0;19;2116268778;FALSO;FALSO;2116268778;17841402063364533
Oneyris | Maternidad & Lifestyle;oneyrissanchez__;Yo quiero;0;0;2026-09-23T18:47:13.000Z;;FALSO;18113900948043174;;https://instagram.fbkk28-1.fna.fbcdn.net/v/t51.82787-19/809209375_18096231428260389_1434701021244810578_n.jpg?stp=dst-jpg_s150x150_tt6&_nc_cat=110&_nc_map=urlgen_bucketless&ccb=7-5&_nc_sid=f7ccc5&efg=eyJ2ZW5jb2RlX3RhZyI6InByb2ZpbGVfcGljLnd3dy4xMDgwLkMzIn0%3D&_nc_ohc=jW8VXiIM5-YQ7kNvwF7xkGi&_nc_oc=Ado89usxqBMGkYsmMnA_qPhlgcmeuPn2Jvyv2Rqqlo61x5JVUtByVMI4eRv5qwpLbSQ&_nc_zt=24&_nc_ht=instagram.fbkk28-1.fna&_nc_gid=oyEnmw_FFMSUMyRbMHu3kQ&_nc_ss=705a0&oh=00_AQOSrLHhGoaw5bNtL3IUbT9XogvgRjlYHuI4dpBmIQ4x7Q&oe=6AC49B02;3992097546465233505;Active;comment;0;0;FALSO;FALSO;FALSO;FALSO;FALSO;FALSO;VERDADERO;0;20;37788844388;FALSO;FALSO;37788844388;17841437811653605
UÑAS MADRID 🌸 LEAL NAILS ( Gel - Polygel - Diseños );lealnails___;Yo quiero;0;0;2026-09-23T13:07:00.000Z;;FALSO;17973725694134165;;https://instagram.fbkk28-1.fna.fbcdn.net/v/t51.2885-19/491511159_2189294928197152_3411331239074452148_n.jpg?stp=dst-jpg_s150x150_tt6&_nc_cat=111&_nc_map=urlgen_bucketless&ccb=7-5&_nc_sid=f7ccc5&efg=eyJ2ZW5jb2RlX3RhZyI6InByb2ZpbGVfcGljLnd3dy4xMDgwLkMzIn0%3D&_nc_ohc=vtdsEPpjNlEQ7kNvwHhfYB4&_nc_oc=AdonIAZgPdu2lp90aREqngClKwJYhL6aN28ZrvFfxUlTQUTIxxMkboYM9OgoybMQac0&_nc_zt=24&_nc_ht=instagram.fbkk28-1.fna&_nc_ss=705a0&oh=00_AQMuPbkTbVHNscHy-TRjzL4bCayzwNBW7Z-yFbPAvtjLhw&oe=6AC4A1B2;3992097546465233505;Active;comment;0;0;FALSO;FALSO;FALSO;FALSO;FALSO;FALSO;VERDADERO;0;21;51045508597;FALSO;FALSO;51045508597;17841451017930688
Maria Martinez | Social Media;majomartinezj;Yo quiero;0;0;2026-09-23T12:46:03.000Z;;FALSO;18018924542928656;;https://instagram.fbkk28-1.fna.fbcdn.net/v/t51.2885-19/461285177_1074322794275902_3343633118245707768_n.jpg?stp=dst-jpg_s150x150_tt6&_nc_cat=110&_nc_map=urlgen_bucketless&ccb=7-5&_nc_sid=f7ccc5&efg=eyJ2ZW5jb2RlX3RhZyI6InByb2ZpbGVfcGljLnd3dy4xMDgwLkMzIn0%3D&_nc_ohc=lEIi4AvsMLEQ7kNvwGIc7Ks&_nc_oc=AdqEPUqfsFEeNhuKZETfbg4nCR6pvUFVAGHrN5vIeFbUj6lTE9-IDRzQnjNaTJiT6eE&_nc_zt=24&_nc_ht=instagram.fbkk28-1.fna&_nc_ss=705a0&oh=00_AQNg_BhpmUQNrJ2jBcDRtYYT88G1s_W1xZtGpDPKtqV5JA&oe=6AC489A1;3992097546465233505;Active;comment;0;0;FALSO;FALSO;FALSO;FALSO;FALSO;FALSO;VERDADERO;0;22;5751035253;FALSO;FALSO;5751035253;17841405617618879
yj.ugas_a;yj.ugas_a;Yo quiero;0;0;2026-09-23T09:25:19.000Z;;FALSO;18107560730462872;;https://instagram.fbkk28-1.fna.fbcdn.net/v/t51.82787-19/727476343_18597779023014827_4268346455953618079_n.jpg?stp=dst-jpg_s150x150_tt6&_nc_cat=106&_nc_map=urlgen_bucketless&ccb=7-5&_nc_sid=f7ccc5&efg=eyJ2ZW5jb2RlX3RhZyI6InByb2ZpbGVfcGljLnd3dy4xMDgwLkMzIn0%3D&_nc_ohc=OyLfAmT1EIAQ7kNvwFZs69W&_nc_oc=AdpXKUX0wLNnCuvhGfjHgqWZUMLaO7kek_HAlSuSzjcNXhwGz2p1YwBJHRh_DPljwzU&_nc_zt=24&_nc_ht=instagram.fbkk28-1.fna&_nc_gid=oyEnmw_FFMSUMyRbMHu3kQ&_nc_ss=705a0&oh=00_AQMwuATvTwu9YP-mUJZzz1ZnZvOiXnK4EZw7rLpuHpzcoQ&oe=6AC477DE;3992097546465233505;Active;comment;0;0;FALSO;FALSO;FALSO;FALSO;FALSO;FALSO;VERDADERO;0;23;1272462826;FALSO;FALSO;1272462826;17841400444799882
Daniela Hurtado | Publicidad & Mercadeo l Marketing digital;danielastefannyh;Yo quiero 🔥;0;0;2026-09-23T05:31:38.000Z;;FALSO;18191023741403573;;https://instagram.fbkk28-1.fna.fbcdn.net/v/t51.82787-19/618054884_18527198947065820_3039469964103981208_n.jpg?stp=dst-jpg_s150x150_tt6&_nc_cat=103&_nc_map=urlgen_bucketless&ccb=7-5&_nc_sid=f7ccc5&efg=eyJ2ZW5jb2RlX3RhZyI6InByb2ZpbGVfcGljLnd3dy4xMDgwLkMzIn0%3D&_nc_ohc=Xf-GM5oCywYQ7kNvwFJiQx0&_nc_oc=AdoDdT3yS8VU6ww0UxRZaBlUbHCTiFEKFE6VE26mPvcxK0fgcqhIjKeYaGdfN1uoRRY&_nc_zt=24&_nc_ht=instagram.fbkk28-1.fna&_nc_gid=oyEnmw_FFMSUMyRbMHu3kQ&_nc_ss=705a0&oh=00_AQM3ceXzAGfCi-KombQXc1o6et3DOIZO0RfNdj2QcyXgAA&oe=6AC49DA6;3992097546465233505;Active;comment;0;0;FALSO;FALSO;FALSO;FALSO;FALSO;FALSO;VERDADERO;0;24;2122241819;FALSO;FALSO;2122241819;17841401974595280
Susana Mejía;susanamejiaaa;Yo quiero;0;0;2026-09-23T04:44:18.000Z;;FALSO;18638304511006031;;https://instagram.fbkk28-1.fna.fbcdn.net/v/t51.82787-19/713524245_18362354071228789_6110382022946299210_n.jpg?stp=dst-jpg_s150x150_tt6&_nc_cat=110&_nc_map=urlgen_bucketless&ccb=7-5&_nc_sid=f7ccc5&efg=eyJ2ZW5jb2RlX3RhZyI6InByb2ZpbGVfcGljLnd3dy4xMDgwLkMzIn0%3D&_nc_ohc=uvdXn3gQGRIQ7kNvwG_xAP9&_nc_oc=AdohQi1j6fJwkKkIsSsMET0I7sJ3Ihf-zMTkqqQk4pu2UGNbqhrv9SjfgDhZWMWbBM8&_nc_zt=24&_nc_ht=instagram.fbkk28-1.fna&_nc_gid=oyEnmw_FFMSUMyRbMHu3kQ&_nc_ss=705a0&oh=00_AQPQ3Y-IQADh7c3xX85g3JL1d4yOmU-pY-lpP_WhaWbezA&oe=6AC479B2;3992097546465233505;Active;comment;0;0;FALSO;FALSO;FALSO;FALSO;FALSO;FALSO;VERDADERO;0;25;6768260788;FALSO;VERDADERO;6768260788;17841406863646032
Camila;mila_betancur_;Yo quiero !! 🫶🏻;0;0;2026-09-23T04:01:46.000Z;;FALSO;17972511156131143;;https://instagram.fbkk28-1.fna.fbcdn.net/v/t51.82787-19/589903773_17987337788872912_4577612864111513127_n.jpg?stp=dst-jpg_s150x150_tt6&_nc_cat=105&_nc_map=urlgen_bucketless&ccb=7-5&_nc_sid=f7ccc5&efg=eyJ2ZW5jb2RlX3RhZyI6InByb2ZpbGVfcGljLnd3dy4xMDgwLkMzIn0%3D&_nc_ohc=ae7FIbt--ywQ7kNvwGrVV-Y&_nc_oc=Adpg48X2YkDiZzTfowJu0mzA28U_f9Qs2OffHl2edEPPg9zxSfbo4X6aDe-hevnc2Hg&_nc_zt=24&_nc_ht=instagram.fbkk28-1.fna&_nc_gid=oyEnmw_FFMSUMyRbMHu3kQ&_nc_ss=705a0&oh=00_AQM-GdPJxscXYx3M1HIOsFbH0pXUwjkvvlfQuswahAqgaw&oe=6AC47F62;3992097546465233505;Active;comment;0;0;FALSO;FALSO;FALSO;FALSO;FALSO;FALSO;VERDADERO;0;26;56333928911;FALSO;FALSO;56333928911;17841456187351741
Lian🌷• Creadora UGC • Modelo & Promotora •;lian.p98;Yoooo quiero 🔥🔥🔥;0;0;2026-09-23T03:43:44.000Z;;FALSO;18113639138331018;;https://instagram.fbkk28-1.fna.fbcdn.net/v/t51.82787-19/762585965_18191060098387717_4374419492307769533_n.jpg?stp=dst-jpg_s150x150_tt6&_nc_cat=101&_nc_map=urlgen_bucketless&ccb=7-5&_nc_sid=f7ccc5&efg=eyJ2ZW5jb2RlX3RhZyI6InByb2ZpbGVfcGljLnd3dy4xMDgwLkMzIn0%3D&_nc_ohc=UlsBX9oupM4Q7kNvwHgGQjT&_nc_oc=Adr4VaWkPBLzCwjFTdTUXdfGp9CHN8B9EBZsEqgsCpl9OQV8owqRAPAxxhKU514t_3A&_nc_zt=24&_nc_ht=instagram.fbkk28-1.fna&_nc_gid=oyEnmw_FFMSUMyRbMHu3kQ&_nc_ss=705a0&oh=00_AQOxKLyNJwIpjuHH09hpJ2hKwbJ3cZn3qo6JIBGJbCzExg&oe=6AC4A76C;3992097546465233505;Active;comment;0;0;FALSO;FALSO;FALSO;FALSO;FALSO;FALSO;VERDADERO;0;27;11675891716;FALSO;FALSO;11675891716;17841411631499486
Estefany Mejias;tefymejias;yo quiero;0;0;2026-09-23T03:05:46.000Z;;FALSO;18015884405944316;;https://instagram.fbkk28-1.fna.fbcdn.net/v/t51.82787-19/755264202_18622080088042642_4223782859268827249_n.jpg?stp=dst-jpg_s150x150_tt6&_nc_cat=102&_nc_map=urlgen_bucketless&ccb=7-5&_nc_sid=f7ccc5&efg=eyJ2ZW5jb2RlX3RhZyI6InByb2ZpbGVfcGljLnd3dy4xMDgwLkMzIn0%3D&_nc_ohc=U3xk9r-XGUoQ7kNvwHjkeux&_nc_oc=Adoq_ujpAtroIbgR0kylKJXVoUS7cZHfZu21cqSpxkhR_-gcI8SI6yJ_9AgDj7NuLmI&_nc_zt=24&_nc_ht=instagram.fbkk28-1.fna&_nc_gid=oyEnmw_FFMSUMyRbMHu3kQ&_nc_ss=705a0&oh=00_AQNAFZVH8Uz0hE-XlTvSzqhS70EHF6EngaEg6jRsW24wyw&oe=6AC47B0C;3992097546465233505;Active;comment;0;0;FALSO;FALSO;FALSO;FALSO;FALSO;FALSO;VERDADERO;0;28;275946641;FALSO;FALSO;275946641;17841401279234311
By El Rasta | StreetWear;labovedaccs;Yo quiero @stewant18 @diegoa.23 @axelguu10;0;0;2026-09-23T02:01:11.000Z;;FALSO;18142428874606045;;https://instagram.fbkk28-1.fna.fbcdn.net/v/t51.82787-19/716190380_17904841710430751_1620155494872970100_n.jpg?stp=dst-jpg_s150x150_tt6&_nc_cat=110&_nc_map=urlgen_bucketless&ccb=7-5&_nc_sid=f7ccc5&efg=eyJ2ZW5jb2RlX3RhZyI6InByb2ZpbGVfcGljLnd3dy4xMDgwLkMzIn0%3D&_nc_ohc=G0pa50qTWPkQ7kNvwGZoBJq&_nc_oc=AdrltO6xzGg2AiX3Qt3NAo6VhRhEl-dW3ETNgHT45ViVgJ1PfaIr5oq6_gepAwYIQQQ&_nc_zt=24&_nc_ht=instagram.fbkk28-1.fna&_nc_gid=oyEnmw_FFMSUMyRbMHu3kQ&_nc_ss=705a0&oh=00_AQNwykb0yx7FFv1PDZ_zS1C8o871dr2YF3O55PA967lMxw&oe=6AC48323;3992097546465233505;Active;comment;0;0;FALSO;FALSO;FALSO;FALSO;FALSO;FALSO;VERDADERO;0;29;72798886750;FALSO;FALSO;72798886750;17841472922509860
Gerardo Chiquito;gerardochiquito.rah;yo quiero @yamilerodriguez.rah @gerardotote @liscerezayoo;0;0;2026-09-23T01:02:27.000Z;;FALSO;17984949807085755;;https://instagram.fbkk28-1.fna.fbcdn.net/v/t51.82787-19/682912609_17871547989657006_8807126118960498462_n.jpg?stp=dst-jpg_s150x150_tt6&_nc_cat=102&_nc_map=urlgen_bucketless&ccb=7-5&_nc_sid=f7ccc5&efg=eyJ2ZW5jb2RlX3RhZyI6InByb2ZpbGVfcGljLnd3dy4xMDgwLkMzIn0%3D&_nc_ohc=XCRtRlLF_McQ7kNvwEsxAWg&_nc_oc=AdrqpG8Kj6nukh17PARfcMi1wAglT8w9bYCwYeeJBTd_NVpR5GtdEzDFbogbke72Wcs&_nc_zt=24&_nc_ht=instagram.fbkk28-1.fna&_nc_gid=iQa7uKeamC5D2xNoSgLu-Q&_nc_ss=705a0&oh=00_AQO3VrXsA7HN96XSTGxO6c-7YHjDAgSbGM-pif4AtQ3wkA&oe=6AC48246;3992097546465233505;Active;comment;0;0;FALSO;FALSO;FALSO;FALSO;FALSO;FALSO;VERDADERO;0;30;79866633005;FALSO;FALSO;79866633005;17841479710173329
Claudia Morgenstern | RETI30+ Segunda Cumbre;claudiamorgensterncoach;Participar;0;0;2026-09-23T00:39:06.000Z;;FALSO;17990032119028245;;https://instagram.fbkk28-1.fna.fbcdn.net/v/t51.82787-19/766207338_18611555908034084_1813154746688133892_n.jpg?stp=dst-jpg_s150x150_tt6&_nc_cat=102&_nc_map=urlgen_bucketless&ccb=7-5&_nc_sid=f7ccc5&efg=eyJ2ZW5jb2RlX3RhZyI6InByb2ZpbGVfcGljLnd3dy4xMDgwLkMzIn0%3D&_nc_ohc=r_TjlHTXMC4Q7kNvwEBw8bV&_nc_oc=AdpkRj6ekqUdAm9CH03G3CPZFMyo9vhw4xnaCDqv247U1MNOKGWOSun7QzRu_hohnHw&_nc_zt=24&_nc_ht=instagram.fbkk28-1.fna&_nc_gid=iQa7uKeamC5D2xNoSgLu-Q&_nc_ss=705a0&oh=00_AQN5ULaRBtimpJFPSSPidILGvEADVPOrxGVfiEJkQjCRlA&oe=6AC48B19;3992097546465233505;Active;comment;0;0;FALSO;FALSO;FALSO;FALSO;FALSO;FALSO;VERDADERO;0;31;1689058083;FALSO;FALSO;1689058083;17841401022516391
Juan vivas;juaanvivas;yo quiero!!!;0;0;2026-09-23T00:37:32.000Z;;FALSO;18137202643654328;;https://instagram.fbkk28-1.fna.fbcdn.net/v/t51.82787-19/792518666_18408550687081935_4385948234740114068_n.jpg?stp=dst-jpg_s150x150_tt6&_nc_cat=105&_nc_map=urlgen_bucketless&ccb=7-5&_nc_sid=f7ccc5&efg=eyJ2ZW5jb2RlX3RhZyI6InByb2ZpbGVfcGljLnd3dy4xMDgwLkMzIn0%3D&_nc_ohc=8aCIVHdVRlcQ7kNvwEzcJnk&_nc_oc=AdpXi0LRZE5T5gbufPvgMB9nsSqmZXJ2awBR4m5_tHUpfFxPGBpnAB4DebofxRh2Kzs&_nc_zt=24&_nc_ht=instagram.fbkk28-1.fna&_nc_gid=iQa7uKeamC5D2xNoSgLu-Q&_nc_ss=705a0&oh=00_AQNd2JKFeOvitIAfKO3AsPUkYnBPfzPBPaBcFj7FoGieNg&oe=6AC4A49E;3992097546465233505;Active;comment;0;0;FALSO;FALSO;FALSO;FALSO;FALSO;FALSO;VERDADERO;0;32;2542137934;FALSO;FALSO;2542137934;17841402458037767
Yamile Rodríguez Rent-A-House;yamilerodriguez.rah;Yo quiero @gerardochiquito.rah @joserodrigueza.rah @grevi.nails;0;0;2026-09-23T00:29:59.000Z;;FALSO;17908670364502086;;https://instagram.fbkk28-1.fna.fbcdn.net/v/t51.82787-19/649236877_18059329724682460_4594130593921167120_n.jpg?stp=dst-jpg_s150x150_tt6&_nc_cat=105&_nc_map=urlgen_bucketless&ccb=7-5&_nc_sid=f7ccc5&efg=eyJ2ZW5jb2RlX3RhZyI6InByb2ZpbGVfcGljLnd3dy4xMDgwLkMzIn0%3D&_nc_ohc=bYN-W5V-V1cQ7kNvwGGB_sY&_nc_oc=AdqXrJwJdG-oA4Rk2IFM-0NM8Ow52yCi4yi6wVcFCydBepAAPk9k8OwS70hsKNCJAw0&_nc_zt=24&_nc_ht=instagram.fbkk28-1.fna&_nc_gid=iQa7uKeamC5D2xNoSgLu-Q&_nc_ss=705a0&oh=00_AQOsLUWmL3WNyX93om3fKJCPj2hZyxsg-CVQlCk071pT2Q&oe=6AC48D23;3992097546465233505;Active;comment;0;0;FALSO;FALSO;FALSO;FALSO;FALSO;FALSO;VERDADERO;0;33;50435634459;FALSO;FALSO;50435634459;17841450473774454
Daniela Delgado;daniela_10delgado;Yo quiero;0;0;2026-09-23T00:13:27.000Z;;FALSO;18115118267006859;;https://instagram.fbkk28-1.fna.fbcdn.net/v/t51.89012-19/573323465_1219825463302212_7278921664109726296_n.jpg?stp=dst-jpg_s150x150_tt6&_nc_cat=1&ccb=7-5&_nc_sid=f7ccc5&efg=eyJ2ZW5jb2RlX3RhZyI6InByb2ZpbGVfcGljLnd3dy5DMyJ9&_nc_ohc=XBI0tqGuPRUQ7kNvwHLDmUj&_nc_oc=AdqkrEOlLUm7feagRRehnB6MTFJcK2LnRVpC4gJJ7Ap3oaS8DpF3eSoyxTtSzwe0ag0&_nc_zt=24&_nc_ht=instagram.fbkk28-1.fna&_nc_gid=iQa7uKeamC5D2xNoSgLu-Q&_nc_ss=705a0&oh=00_AQNVdkXrPaVaXJRHvp8afQaymJqHgInVP27qc9E8taGMjQ&oe=6AC48122;3992097546465233505;Active;comment;0;0;FALSO;FALSO;FALSO;FALSO;FALSO;FALSO;VERDADERO;0;34;64278826359;FALSO;VERDADERO;64278826359;17841464150794853
Tania | Inversión;mentesymetasdeexito;Yo quiero @mundouniverso_salud , @runazul22 @yunipadron14gmail.com4;0;0;2026-09-23T00:08:23.000Z;;FALSO;17935380033384494;;https://instagram.fbkk28-1.fna.fbcdn.net/v/t51.82787-19/548851007_18535757683035839_3946346392558646987_n.jpg?stp=dst-jpg_s150x150_tt6&_nc_cat=110&_nc_map=urlgen_bucketless&ccb=7-5&_nc_sid=f7ccc5&efg=eyJ2ZW5jb2RlX3RhZyI6InByb2ZpbGVfcGljLnd3dy4xMDgwLkMzIn0%3D&_nc_ohc=BoU-eaB9RtMQ7kNvwFslnv3&_nc_oc=AdpLEiXgZOA8x_zqQP8Ld1-03PwZH5qLsgEBlOq0Lvl6af4g4TcHgTjz6U-pR9ODVjM&_nc_zt=24&_nc_ht=instagram.fbkk28-1.fna&_nc_gid=iQa7uKeamC5D2xNoSgLu-Q&_nc_ss=705a0&oh=00_AQPPa0cPAmDbrx-0TNaVDPRrCVbi7EZYtmxHc8PdZiwSCg&oe=6AC495ED;3992097546465233505;Active;comment;0;0;FALSO;FALSO;FALSO;FALSO;FALSO;FALSO;VERDADERO;0;35;1477027838;FALSO;FALSO;1477027838;17841401075163078
Ninibeth Acosta;acostaninibeth;Yo quiero;0;0;2026-09-22T23:44:30.000Z;;FALSO;18127153342854817;;https://instagram.fbkk28-1.fna.fbcdn.net/v/t51.82787-19/637202958_18347369581233264_3946552282917797371_n.jpg?stp=dst-jpg_s150x150_tt6&_nc_cat=100&_nc_map=urlgen_bucketless&ccb=7-5&_nc_sid=f7ccc5&efg=eyJ2ZW5jb2RlX3RhZyI6InByb2ZpbGVfcGljLnd3dy45MTcuQzMifQ%3D%3D&_nc_ohc=tfivb0xgkIkQ7kNvwHYGMh8&_nc_oc=Ado6_oNw0YT1Vx2hPSK9tO9OSSgFRHX1CXJnhe4gCmWuJd6iYjYcs8vFUJd1-PC9n-E&_nc_zt=24&_nc_ht=instagram.fbkk28-1.fna&_nc_gid=iQa7uKeamC5D2xNoSgLu-Q&_nc_ss=705a0&oh=00_AQMxtn7Pg8-gypGxFh3t5aZIWzkYUvorHtOUhIsqNlWfWA&oe=6AC472D6;3992097546465233505;Active;comment;0;0;FALSO;FALSO;FALSO;FALSO;FALSO;FALSO;VERDADERO;0;36;7100033263;FALSO;FALSO;7100033263;17841406997907504
Victoria Urdaneta;soyvictorianeta;Yo quiero;0;0;2026-09-22T23:41:51.000Z;;FALSO;17882894013512282;;https://instagram.fbkk28-1.fna.fbcdn.net/v/t51.82787-19/670360509_18582895399062682_5874660066378177023_n.jpg?stp=dst-jpg_s150x150_tt6&_nc_cat=111&_nc_map=urlgen_bucketless&ccb=7-5&_nc_sid=f7ccc5&efg=eyJ2ZW5jb2RlX3RhZyI6InByb2ZpbGVfcGljLnd3dy4xMDgwLkMzIn0%3D&_nc_ohc=k7O9pBB4J20Q7kNvwHnufeG&_nc_oc=AdoB69x7U8MRI0p9HfmfA7Wk9Il6Sd4q7xjzSIatn8zV7OlAgDoetcHhKZky-Ly3640&_nc_zt=24&_nc_ht=instagram.fbkk28-1.fna&_nc_gid=iQa7uKeamC5D2xNoSgLu-Q&_nc_ss=705a0&oh=00_AQNPFtPi2r70linXSZ_b1LU15fkDjPchis74ZS2G7BgIcA&oe=6AC48200;3992097546465233505;Active;comment;0;0;FALSO;FALSO;FALSO;FALSO;FALSO;FALSO;VERDADERO;0;37;489406681;FALSO;VERDADERO;489406681;17841401880437646
Franklin Ojeda -editor de videos;lordcanache16;Yo quiero;0;0;2026-09-22T23:40:20.000Z;;FALSO;17963635013979508;;https://instagram.fbkk28-1.fna.fbcdn.net/v/t51.2885-19/18513121_1890251674555901_3259421402142343168_a.jpg?stp=dst-jpg_s150x150_tt6&_nc_cat=110&_nc_map=urlgen_bucketless&ccb=7-5&_nc_sid=f7ccc5&efg=eyJ2ZW5jb2RlX3RhZyI6InByb2ZpbGVfcGljLnd3dy4zMjAuQzMifQ%3D%3D&_nc_ohc=w04DSAqpeRMQ7kNvwFgy0E_&_nc_oc=AdrtjWVTGbSlxrCdOuPiGZ7UBKr2baYYsvC3v7gPYl8xkNkftwa-2-aTWZbT6DcTZGE&_nc_zt=24&_nc_ht=instagram.fbkk28-1.fna&_nc_ss=705a0&oh=00_AQNP8fOtyHUog6Vgt-bKFgO26aTEm3YuSDvwVeYrT-s21g&oe=6AC47E6E;3992097546465233505;Active;comment;0;0;FALSO;FALSO;FALSO;FALSO;FALSO;FALSO;VERDADERO;0;38;296866533;FALSO;FALSO;296866533;17841401035994638
Andres Troconis | Producción Musical;andrestroconismusic;Yo quiero;0;0;2026-09-22T23:38:02.000Z;;FALSO;18218334448352189;;https://instagram.fbkk28-1.fna.fbcdn.net/v/t51.2885-19/475988642_1119434863156834_3189700053583997775_n.jpg?stp=dst-jpg_s150x150_tt6&_nc_cat=111&_nc_map=urlgen_bucketless&ccb=7-5&_nc_sid=f7ccc5&efg=eyJ2ZW5jb2RlX3RhZyI6InByb2ZpbGVfcGljLnd3dy4xMDgwLkMzIn0%3D&_nc_ohc=L6VlQUZOAm4Q7kNvwHabhc8&_nc_oc=AdpifDH-J-v0D2ssiDMlh4s8ceIfEDEpPCxwF3FhbKr-qVkMiV33G7fD4KA_xTMRztE&_nc_zt=24&_nc_ht=instagram.fbkk28-1.fna&_nc_ss=705a0&oh=00_AQNgcOrbahhVQ1KJwv6sHniq3U_zi3K6TNg4Atk_IibqMA&oe=6AC48855;3992097546465233505;Active;comment;0;0;FALSO;FALSO;FALSO;FALSO;FALSO;FALSO;VERDADERO;0;39;4333362015;FALSO;FALSO;4333362015;17841404380451670
Fabiola Rodríguez | Periodista;fabirodriguez.v;Yo quiero @freii.jk @soyandeleya @freisitaconcafe ❤️❤️❤️;0;0;2026-09-22T23:11:02.000Z;;FALSO;18148982995545441;;https://instagram.fbkk28-1.fna.fbcdn.net/v/t51.82787-19/582533334_18543620743046617_617046790379250057_n.jpg?stp=dst-jpg_s150x150_tt6&_nc_cat=101&_nc_map=urlgen_bucketless&ccb=7-5&_nc_sid=f7ccc5&efg=eyJ2ZW5jb2RlX3RhZyI6InByb2ZpbGVfcGljLnd3dy4xMDgwLkMzIn0%3D&_nc_ohc=lUg1hGlbWMwQ7kNvwFIHc8-&_nc_oc=AdoiMitzozguIqzvvLjcdnJwP-7jUdlq1CybyTXNHLww-T5p2fjF6TGJTYfc4vSI5Fg&_nc_zt=24&_nc_ht=instagram.fbkk28-1.fna&_nc_gid=iQa7uKeamC5D2xNoSgLu-Q&_nc_ss=705a0&oh=00_AQNcd4vuWr_GHOP6mwsRDSLCMUhxqLMjcJYFv1RAokbwGg&oe=6AC46FCA;3992097546465233505;Active;comment;0;0;FALSO;FALSO;FALSO;FALSO;FALSO;FALSO;VERDADERO;0;40;905774616;FALSO;FALSO;905774616;17841401398494152
Verónica;veronicac_21;Yo quiero @imaru_nazareth @katherineguerrero2 @angelesml_;0;0;2026-09-22T23:08:11.000Z;;FALSO;18115522402991140;;https://instagram.fbkk28-1.fna.fbcdn.net/v/t51.82787-19/669883396_18416553601131060_5653134086334166346_n.jpg?stp=dst-jpg_s150x150_tt6&_nc_cat=106&_nc_map=urlgen_bucketless&ccb=7-5&_nc_sid=f7ccc5&efg=eyJ2ZW5jb2RlX3RhZyI6InByb2ZpbGVfcGljLnd3dy4xMDgwLkMzIn0%3D&_nc_ohc=KZaDQ6zwlaAQ7kNvwG38c9V&_nc_oc=AdqeSkhSKdlvLLX___NFpB-hpYrmlm3MKHFjAv2LUBRjCQH7eJ2zsnLqaPTF5XmbKxU&_nc_zt=24&_nc_ht=instagram.fbkk28-1.fna&_nc_gid=iQa7uKeamC5D2xNoSgLu-Q&_nc_ss=705a0&oh=00_AQPKdAmL9vejDaBNdtDTkNXWcI7ZQP4TY7FKNavWgnyVVw&oe=6AC48CBB;3992097546465233505;Active;comment;0;0;FALSO;FALSO;FALSO;FALSO;FALSO;FALSO;VERDADERO;0;41;3912595059;FALSO;FALSO;3912595059;17841403931779074
Marina Totaro | UGC Creator;marinatotaro;Yo quiero;0;0;2026-09-22T22:59:26.000Z;;FALSO;17944820505390675;;https://instagram.fbkk28-1.fna.fbcdn.net/v/t51.82787-19/785080536_18616814104022865_3499386487310721950_n.jpg?stp=dst-jpg_s150x150_tt6&_nc_cat=108&_nc_map=urlgen_bucketless&ccb=7-5&_nc_sid=f7ccc5&efg=eyJ2ZW5jb2RlX3RhZyI6InByb2ZpbGVfcGljLnd3dy4xMDgwLkMzIn0%3D&_nc_ohc=Xv0xlw7Qbk0Q7kNvwFCh8eK&_nc_oc=Adpt8PKD03hjyWLKE2eXfnG4VolCmQx2P1V4sqJ0f_vYtXEBaBdMPti-5eo0oFeFklY&_nc_zt=24&_nc_ht=instagram.fbkk28-1.fna&_nc_gid=iQa7uKeamC5D2xNoSgLu-Q&_nc_ss=705a0&oh=00_AQNTNZg5r2rhoFHIulJXR-N7HTY4SLIFf2_cUWhIdIdDFg&oe=6AC47BEB;3992097546465233505;Active;comment;0;0;FALSO;FALSO;FALSO;FALSO;FALSO;FALSO;VERDADERO;0;42;1668886864;FALSO;FALSO;1668886864;17841400685946076
Julio Fermin;juliofermins;Yo quiero @mirando.nuestro.universo @bienestarsocial_er @elsa_bonilla22;0;0;2026-09-22T22:46:06.000Z;;FALSO;18224880244331839;;https://instagram.fbkk28-1.fna.fbcdn.net/v/t51.2885-19/43116572_695690164142426_1182481110215426048_n.jpg?_nc_cat=103&_nc_map=urlgen_bucketless&ccb=7-5&_nc_sid=f7ccc5&efg=eyJ2ZW5jb2RlX3RhZyI6InByb2ZpbGVfcGljLnd3dy4xNTAuQzMifQ%3D%3D&_nc_ohc=iV9C8X-TSYMQ7kNvwGj_Ucy&_nc_oc=AdohEpSMPgjJUVgLS75v_Ap3sD7LfXqsdJMhxxfwktVXftzY6sdEzLDf4mok_3Sk4JA&_nc_zt=24&_nc_ht=instagram.fbkk28-1.fna&_nc_ss=705a0&oh=00_AQPnthITjU7ccrYeZ3gRUjpqV34Sm_Ytzd-R-lytBXV05Q&oe=6AC495EB;3992097546465233505;Active;comment;0;0;FALSO;FALSO;FALSO;FALSO;FALSO;FALSO;VERDADERO;0;43;3012896709;FALSO;VERDADERO;3012896709;17841402901286612
Adri;adrianagomez_pg;😍😍😍;0;0;2026-09-22T22:41:46.000Z;;FALSO;17971540044157423;;https://instagram.fbkk28-1.fna.fbcdn.net/v/t51.82787-19/608989516_17875754025463317_8608766886132488233_n.jpg?stp=dst-jpg_s150x150_tt6&_nc_cat=105&_nc_map=urlgen_bucketless&ccb=7-5&_nc_sid=f7ccc5&efg=eyJ2ZW5jb2RlX3RhZyI6InByb2ZpbGVfcGljLnd3dy4xMDgwLkMzIn0%3D&_nc_ohc=QwSnuFbG_1UQ7kNvwH5xYDO&_nc_oc=AdpVKpDM4yZszPxngnTSMLIxqgac_E4QpsoTNpCkNX5jJy8EjvwLwjgS9aGWcK1PMxQ&_nc_zt=24&_nc_ht=instagram.fbkk28-1.fna&_nc_gid=iQa7uKeamC5D2xNoSgLu-Q&_nc_ss=705a0&oh=00_AQM8mzteUWc2Ov14IxUvWT9v0kFnuzSpcPEd1-5yOQHZDQ&oe=6AC4A384;3992097546465233505;Active;comment;0;0;FALSO;FALSO;FALSO;FALSO;FALSO;FALSO;VERDADERO;0;44;73868415316;FALSO;VERDADERO;73868415316;17841473899503551
Mariemilia A. Evies Godel;mariemilia_a;Yo quiero;0;0;2026-09-22T22:27:15.000Z;;FALSO;18110594800875241;;https://instagram.fbkk28-1.fna.fbcdn.net/v/t51.2885-19/470809164_810625934503615_8373279638954952564_n.jpg?stp=dst-jpg_s150x150_tt6&_nc_cat=107&_nc_map=urlgen_bucketless&ccb=7-5&_nc_sid=f7ccc5&efg=eyJ2ZW5jb2RlX3RhZyI6InByb2ZpbGVfcGljLnd3dy45NjAuQzMifQ%3D%3D&_nc_ohc=3LcHVjWW-ncQ7kNvwFd-cO5&_nc_oc=AdpYx_uDhzZNzhRraDYfoiNz9hsUZPZsUKzASw7qLMYPO0x_8LmrA-qbZ8XoAI4DsNc&_nc_zt=24&_nc_ht=instagram.fbkk28-1.fna&_nc_ss=705a0&oh=00_AQPiEdcQnBPtBUBRz97Hz-BkObTZvLbXt853Q0evkN0dKg&oe=6AC48A6F;3992097546465233505;Active;comment;0;0;FALSO;FALSO;FALSO;FALSO;FALSO;FALSO;VERDADERO;0;45;2312832491;FALSO;FALSO;2312832491;17841402174749104
Mentalidad + riqueza + crecimiento;innovarte04;Yo quiero;0;0;2026-09-22T22:26:51.000Z;;FALSO;18117448823069679;;https://instagram.fbkk28-1.fna.fbcdn.net/v/t51.82787-19/820024564_18016908911943762_3110113519225543451_n.jpg?stp=dst-jpg_s150x150_tt6&_nc_cat=103&_nc_map=urlgen_bucketless&ccb=7-5&_nc_sid=f7ccc5&efg=eyJ2ZW5jb2RlX3RhZyI6InByb2ZpbGVfcGljLnd3dy4xMDgwLkMzIn0%3D&_nc_ohc=1rano1EjX4oQ7kNvwHZ-HHx&_nc_oc=AdrDfVlKjOM1orX5t4fz9fCeXjhrd8GK4GBzWpwju0LMKZ8R3MbzodetW24iDka6Mcc&_nc_zt=24&_nc_ht=instagram.fbkk28-1.fna&_nc_gid=dmm6KJ3RMeTmRgYaGluAKw&_nc_ss=705a0&oh=00_AQNktrw0a50vIrl-vSlDGVYsIuTEgV4IdbjCe-vaSpmczg&oe=6AC4A2DA;3992097546465233505;Active;comment;0;0;FALSO;FALSO;FALSO;FALSO;FALSO;FALSO;VERDADERO;0;46;58257167761;FALSO;FALSO;58257167761;17841458312852145
Larissa Roselló | Locutora & Modelo;un_ratico_con_lara;Yo quiero!🥹✨️;0;0;2026-09-22T22:19:26.000Z;;FALSO;18116287774966213;;https://instagram.fbkk28-1.fna.fbcdn.net/v/t51.2885-19/468888430_421924730994998_2365994706078057781_n.jpg?stp=dst-jpg_s150x150_tt6&_nc_cat=104&_nc_map=urlgen_bucketless&ccb=7-5&_nc_sid=f7ccc5&efg=eyJ2ZW5jb2RlX3RhZyI6InByb2ZpbGVfcGljLnd3dy4xMDgwLkMzIn0%3D&_nc_ohc=S68rk6o6wq8Q7kNvwF4fNi1&_nc_oc=AdpJknfm4Ywk4G0c6hYUmrkRREvHLaccY_UK9Oq2AlMJ9plXyfAubTzCcnou5qu--u0&_nc_zt=24&_nc_ht=instagram.fbkk28-1.fna&_nc_ss=705a0&oh=00_AQMWRKFRit8Hocp4syLlqeCdQNAK-CZY_oyqmmxIerwKew&oe=6AC4975B;3992097546465233505;Active;comment;0;0;FALSO;FALSO;FALSO;FALSO;FALSO;FALSO;VERDADERO;0;47;3479300855;FALSO;FALSO;3479300855;17841403505664912
